279
0.0, 0.0
-29.1746825049, 67.0957368298
-34.881896693, 57.9072817796
-40.5908160069, 17.7027019376
-64.00584751, -125.124943495
-97.2581763824, -335.304111407
-147.928645446, -688.11780667
-208.500784573, -1106.28406064
-276.652061396, -1568.71719469
-329.230050567, -2017.64208268
-363.778358951, -2342.92259914
-386.941015055, -2586.79447403
-383.143026099, -2704.7333365
-378.145616673, -2704.57240476
-362.504546074, -2631.03087289
-336.63653169, -2440.09935157
-307.605729662, -2192.03643106
-273.801117512, -1905.80008082
-244.346777596, -1577.68205044
-224.533206714, -1260.88018427
-210.459036368, -952.267291264
-188.134930414, -713.425012148
-154.177912157, -587.266695295
-112.84169479, -534.90910622
-68.1242058535, -556.48099031
-16.6085771797, -664.879053035
31.8086365453, -832.407478727
79.3821847431, -1098.01387457
114.640086846, -1354.01168772
164.697099147, -1603.52981436
221.592963161, -1785.79297755
300.448652556, -1904.31630964
397.909966732, -1979.21819373
506.175873817, -1985.73688709
633.694542876, -1906.59152058
760.378072036, -1770.44350025
885.808038787, -1564.2995616
1024.62091646, -1307.69873348
1164.33842211, -1017.05114857
1279.71431269, -716.181735245
1379.19164189, -480.857998715
1461.0628282, -289.123523849
1501.49612273, -239.796566777
1513.32726849, -265.429045977
1515.74124452, -340.390187375
1512.83083228, -498.56581603
1495.92426339, -719.224303128
1480.36952107, -981.861029409
1466.94248792, -1248.43131054
1460.12388667, -1533.7986294
1459.97979515, -1808.94582499
1484.40432825, -2070.29509739
1523.95324527, -2273.12725254
1590.03926946, -2430.08150513
2490.60655064, -1780.75911057
2691.25685469, -1549.18092619
2723.98738151, -1447.07454727
2720.2859516, -1332.13413046
2696.46102321, -1306.88788743
2653.74249804, -1285.25163064
2598.02900324, -1295.04992116
2534.9633803, -1325.09534017
2468.02687008, -1390.28355689
2399.73341791, -1506.5419088
2336.53222907, -1656.65389943
2277.87443056, -1854.64446151
2240.30231067, -2054.95755596
2213.56526492, -2218.90306637
2211.97790315, -2356.02520274
2236.37877554, -2461.2943693
2278.06392734, -2512.97945533
2332.58311705, -2528.23258464
2393.06871685, -2511.27698919
2461.42483659, -2428.03372584
2544.32428088, -2299.29879609
2634.1574308, -2137.32347336
2717.7700901, -1937.52877071
2787.55263987, -1712.16596156
2846.56789846, -1463.13745064
2886.26943263, -1235.74178624
2895.43763721, -1023.33664501
2892.18681616, -922.388974589
2851.79082336, -879.667039172
2797.62568347, -875.408210602
2731.62598757, -907.549152416
2654.91996292, -980.055605807
2582.08141531, -1079.45151106
2513.14253106, -1206.73635006
2480.53904451, -1343.8567813
2485.14169214, -1486.7826909
2502.25480908, -1614.29794971
2542.77613701, -1723.05006225
2615.894131, -1818.74624272
2709.77764527, -1875.75401191
2807.3067424, -1890.62261017
2915.89621808, -1876.1199976
3031.90389972, -1812.35309553
3156.61894633, -1708.28505457
3282.46392534, -1577.16663002
3407.63299106, -1425.05908587
3515.68211935, -1269.50078208
3604.67671911, -1112.55505512
3683.83402151, -1022.96085064
3726.55595693, -982.564857839
3745.35299467, -975.956425933
3745.64267179, -984.951762901
3761.66486318, -1016.45238802
3776.20307235, -1064.00909601
3783.87194858, -1146.80516075
3787.5733785, -1261.74557756
3772.96056588, -1398.28665456
3739.29151962, -1564.45643317
3694.04540812, -1775.02183725
3639.73788184, -2014.89407947
3587.33446541, -2220.68737855
3565.30344683, -2406.49274505
3561.81197522, -2577.69382457
3588.40492945, -2688.89550974
3639.8900769, -2765.27796578
3708.59342596, -2817.09350234
3785.26214888, -2836.63594144
4676.0194147, -1758.4070727
4674.31524344, -1674.41840798
4643.07722447, -1605.38808008
4611.48345055, -1556.37957622
4574.02153072, -1511.56211799
4532.49560552, -1495.89056617
4484.52047502, -1497.43551083
4429.03057953, -1545.24629934
4368.66860974, -1659.24819671
4309.72283922, -1817.22729703
4253.29101403, -1991.13373482
4227.167214, -2143.05327626
4220.55025646, -2279.33686248
4234.31087792, -2395.95437959
4272.73838817, -2470.75629438
4327.2880591, -2518.02503037
4386.61154015, -2527.12033663
4447.29196316, -2485.1455077
4512.90712802, -2409.99465847
4589.81138613, -2250.43672201
4674.45571366, -2051.60931491
4758.29538252, -1827.79486067
4838.14053409, -1542.07690224
4902.99345738, -1256.84173901
4960.13849758, -1011.87552832
4988.13592625, -793.861437061
4993.4298333, -678.631343127
4984.30745607, -643.906967918
4969.89458204, -662.38043706
4934.61962868, -716.543871823
4887.12047289, -857.145543929
4832.49278826, -1056.00684251
4778.79680257, -1314.86924055
4723.13403946, -1574.79549317
4703.67963377, -1809.54328571
4718.62773982, -2025.17388216
4753.4079621, -2173.13109266
4820.81874189, -2278.01572817
4909.31690545, -2354.20677126
5011.39109801, -2385.93781619
5121.72204669, -2363.37497585
5249.91662904, -2305.21872892
5388.5922357, -2199.70059722
5506.37698693, -2066.84069967
5614.52267426, -1914.28084154
5716.57661635, -1727.89953104
5796.70632967, -1544.22528395
5826.60104769, -1416.19674871
5823.6720901, -1325.24389715
5779.76096497, -1297.6429354
5712.27899198, -1314.82383528
5627.77193546, -1362.56854597
5552.96661042, -1463.0283058
5485.22032614, -1596.27784977
5442.1375204, -1749.744041
5412.36984265, -1912.78662856
5403.3337937, -2067.15744776
5417.93126019, -2209.76149389
5447.97326894, -2334.85936641
5512.54653482, -2444.8379704
5610.62109471, -2507.71388551
5729.7203708, -2508.88111963
5895.4429508, -2466.52516991
6064.58751435, -2344.01755129
6265.2665945, -2175.47109837
6486.00139017, -1977.26375749
6677.59027944, -1774.99241124
6853.25183123, -1575.23501032
7017.95126863, -1376.83114111
7120.93690967, -1250.45093008
7173.30131925, -1167.72264828
7191.55289421, -1113.10689953
7191.55289421, -1113.10689953
7131.58568622, -1084.02195556
7076.25842758, -1105.81402871
7005.61537207, -1149.11020299
6922.04001449, -1256.85601315
6828.98311449, -1411.93152173
6724.89802227, -1597.37772303
6645.21721269, -1826.06084131
6578.46700005, -2021.31044851
6549.9884813, -2193.3161867
6575.2905714, -2326.57084604
6634.19221969, -2384.70513738
6749.48668632, -2391.9980082
6906.08688909, -2314.91768327
7088.61265844, -2172.96929997
7293.74198011, -1987.27072326
7503.73996582, -1797.41328728
7668.47158957, -1600.00889995
7801.99397045, -1396.60591618
7899.69252493, -1261.39129992
7934.87262438, -1173.21329471
7927.07329763, -1117.43542721
7879.13205861, -1088.96372897
7815.87502271, -1081.99613187
7742.10648128, -1090.37481286
7670.49613023, -1134.70265538
7593.43435064, -1227.23093283
7511.3734565, -1350.9362668
7427.63375694, -1515.71691711
7349.50300739, -1699.3267915
7275.75642155, -1894.80170313
7240.02574396, -2028.02076588
7254.98067051, -2119.58686316
7303.0489498, -2183.07261374
7368.81993102, -2205.96754831
7453.84196909, -2174.21454779
7550.66637683, -2105.062295
7655.97284511, -1988.61253013
7769.2125009, -1838.89018592
7887.74094837, -1666.98612215
7986.95737655, -1485.69878012
8051.89833325, -1358.54268651
8094.97772873, -1267.10874486
8094.2696291, -1245.12014339
8094.2696291, -1245.12014339
8074.95590468, -1266.75298992
8043.77373278, -1354.80224974
8005.01242318, -1487.11838964
7962.18710821, -1648.58043595
7948.25020888, -1806.11063254
7966.20187597, -1928.59629557
8005.3696722, -2026.38629372
8078.10143002, -2110.08869156
8177.72434483, -2158.90748759
8294.62983394, -2185.15832788
8458.51438191, -2147.86416029
8621.8534671, -2062.56267585
8784.16258919, -1945.27777108
8978.39246404, -1793.94781464
9146.73407404, -1615.43702409
9298.47243328, -1418.45105927
9429.89588109, -1274.14625212
9507.15077876, -1187.61486599
9548.61574152, -1139.25520445
9537.9111179, -1148.60459124
9511.31134316, -1161.46740524
9474.87597618, -1210.66561692
9422.18970313, -1283.39907987
9370.08278433, -1374.12321675
9319.68344705, -1486.80376876
9270.73420051, -1613.44488082
9225.78117639, -1770.97337228
9187.21298487, -1909.28640349
9172.24612244, -2034.83317975
9171.07888831, -2153.93245584
9188.19371038, -2250.43158985
9314.83225635, -0.189674264796
9300.74465604, 33.3742873237
9265.98979961, 56.2675167703
9260.99239019, 56.1065850349
9274.30581304, 15.5140639022
9293.29255861, -45.9066450866
9314.95418124, -128.252100973
9344.51509991, -207.341620427
9382.97479651, -283.143017101
9442.29486731, -354.270572944
