406
0.0, 0.0
-31.2157127214, 48.8935504877
-51.7438056674, 47.2819053661
-67.805251381, 57.0302365869
-86.6203430605, 74.5514330384
-106.512936219, 104.556178287
-120.000272936, 144.806541618
-117.416949743, 178.91411323
-93.2464605156, 194.938702164
-53.2769902978, 207.040001702
29.8207410159, 164.947638374
123.914627803, 84.5527351205
230.155885104, -17.7839408425
323.407092551, -102.33695563
413.923082422, -171.906026184
499.465924003, -233.973910426
562.063204956, -266.86130037
612.213793891, -286.404033786
647.951439015, -302.304370921
669.004461409, -312.34280945
679.811865719, -315.975991537
679.811865719, -315.975991537
679.811865719, -315.975991537
429.849663805, -1211.18093881
505.851353719, -1316.7685476
497.489059676, -1333.11088642
497.489059676, -1333.11088642
519.42161819, -1324.56905541
543.357285279, -1291.90280615
559.331335974, -1227.32084501
580.651570022, -1132.79863799
624.139184723, -1046.37626029
661.659077409, -907.519291961
694.832107398, -733.150286455
752.364377779, -577.426049854
807.322539162, -452.203845364
840.836214698, -361.595713543
875.887821796, -320.359990682
890.862551835, -321.230312608
893.560912631, -350.636414849
910.824111623, -432.776429218
922.441805757, -553.453805652
939.838470743, -691.896414871
961.637283596, -844.21782426
995.330216433, -1009.05042503
1040.93569765, -1179.18313818
1079.41302761, -1316.84756742
1110.18199171, -1432.02686612
1157.6663297, -1518.12702666
1201.87209227, -1584.80423833
1238.39713157, -1618.17970094
1274.15320508, -1626.86895907
1312.49260179, -1601.45064559
1337.95251898, -1514.98219691
1354.63578302, -1389.93952939
1365.90389708, -1213.29573639
1381.13215731, -1006.43080439
1398.35431193, -779.046993645
1409.13435332, -576.330958987
1428.30879861, -453.23611487
1453.17007279, -383.961898556
1459.3405071, -357.074620143
1459.3405071, -357.074620143
1458.44254258, -382.865968687
1460.1968679, -456.091116981
1467.63802211, -583.136893078
1478.04000184, -745.413813241
1489.00376779, -904.918659048
1491.69738166, -1044.71044867
1493.32270824, -1168.41314998
1506.07318902, -1279.9408382
1517.4929178, -1369.5543963
1540.89890851, -1435.62375076
1564.70557687, -1453.43505452
1592.19149829, -1442.41125646
1637.50715186, -1400.36971104
1681.8374459, -1309.78922181
1725.69809567, -1185.92541191
1776.28175177, -1036.00778874
1833.79559376, -887.494631146
1900.93798243, -769.792041358
1972.46409059, -673.179330743
2007.4880551, -642.760226388
2031.59404496, -651.974413966
2047.3100982, -688.347558877
2059.26397062, -786.005661123
2049.77335719, -918.277836038
2025.24351436, -1074.91846554
2003.7482106, -1237.94592309
1982.26212105, -1397.36784114
1961.60949663, -1556.23718717
1947.85020133, -1730.93315676
1936.01108685, -1913.95456362
1932.31787266, -2056.78089231
1941.20956342, -2158.86878501
1958.4911908, -2233.79772038
1980.92103617, -2247.72259152
2016.24432219, -2208.70637099
2059.70429431, -2133.10061179
2102.18812109, -2005.35036928
2134.19150765, -1854.55320999
2160.96849539, -1686.82428307
2164.26577886, -1481.87031769
2170.05424357, -1278.86417573
2184.72993177, -1071.16577858
2182.65338931, -906.968677602
2191.50850295, -806.312893056
2180.52156167, -764.404813629
2155.85378558, -757.962700406
2116.99867362, -768.125390734
2059.23632803, -796.822279628
2006.64509609, -864.084173172
1945.15742647, -939.643861394
1921.37365376, -1021.4016265
1918.09954561, -1108.7588255
1934.21152957, -1207.25960708
1970.26217765, -1317.73743641
2031.55160225, -1428.2797651
2110.01683082, -1546.6318158
2214.57272944, -1657.28471483
2320.77712996, -1774.0435488
2431.97310716, -1891.09249008
2555.01713337, -2038.68032025
2686.33131168, -2205.98120661
2807.89715876, -2389.34353868
2894.86736156, -2544.0503059
2967.19901261, -2674.86747701
3029.04100924, -2786.24327085
3081.76096024, -2885.66965953
3120.90143258, -2980.9010799
3139.56909714, -3056.11090838
3140.78927881, -3121.29151252
3132.87820065, -3178.12825101
3107.8281753, -3212.73310949
3071.15570889, -3237.04627891
3029.24762946, -3248.03322018
2975.47307263, -3235.69235158
2922.59648031, -3197.56013442
2871.70456818, -3142.51457802
2802.08049213, -3037.49796965
2724.25076334, -2887.52952858
2643.73188796, -2704.54944577
2565.85162093, -2465.82855433
2522.32296186, -2242.72710691
2500.95246924, -2031.33102832
2495.41781439, -1809.43608111
2497.63759638, -1591.99856694
2491.81283422, -1375.09519642
2477.67184899, -1156.50646721
2457.99592925, -933.188626047
2424.5057087, -689.034156238
2382.73612187, -428.77216974
2338.35556926, -213.434373361
2295.54980498, -33.0468279334
2251.8460762, 121.549368949
2188.93579229, 249.014251084
2130.36315687, 337.361556537
2073.66463131, 399.355727219
2045.7182798, 425.220789323
2031.02444288, 427.477148427
2023.7765071, 413.07341881
2029.18244288, 357.86675383
2051.3542908, 242.986776636
2084.79397311, 87.5847571931
2117.9619765, -65.5977599265
2168.2320703, -255.434315071
2230.92121354, -469.432145248
2301.68254351, -672.079213277
2399.34036608, -877.291176109
2510.3244168, -1077.26752593
2642.9877755, -1259.27146341
2753.00489508, -1403.49779041
2856.95293649, -1534.9504613
2944.25931758, -1666.63795434
3032.90566487, -1816.63403799
3101.64099061, -1943.8364554
3159.60576882, -2052.98353272
3197.18066701, -2109.65916264
3222.09247943, -2129.13739669
3224.8553396, -2133.30472242
3224.8553396, -2133.30472242
3221.5399074, -2128.30393154
3204.92588966, -2117.72213518
3180.56664926, -2099.07736627
3159.51362687, -2089.03892774
3145.69932607, -2068.2022991
3115.3078643, -2022.36171608
3086.08604595, -1952.94928684
3044.74449969, -1850.77846639
2995.19730069, -1703.65581323
2938.79362936, -1526.28437849
2891.02393099, -1334.79010725
2844.08769777, -1142.74326398
2822.28888492, -990.421854591
2812.89990731, -865.867259737
2802.94914346, -744.084739238
2793.55095165, -623.135683886
2775.57407205, -494.676228026
2751.79057901, -359.268157886
2742.92653084, -246.363646683
2738.41855957, -165.365633158
2736.35569856, -104.343140547
2734.52765969, -59.962308267
2730.1623686, -31.6613500902
2724.93596978, -14.7295824509
2705.59594865, 14.4416976515
2684.0456394, 46.9468383372
2652.7838557, 77.8126913162
2613.17820635, 99.5472844716
2578.78974163, 100.744570486
2546.58392244, 87.7913774119
2521.54311129, 56.7920584392
2508.36877754, 2.46492957942
2502.92123804, -67.136250823
2505.78070741, -142.028329409
2516.43147041, -206.955683025
2531.81134536, -266.348102125
2570.68013878, -359.360020169
2630.55588361, -480.438074252
2717.30969267, -611.29210214
2825.98684604, -737.209838518
2962.91888662, -876.789981318
3119.79880552, -1024.74163235
3275.89133025, -1155.21815792
3421.69216593, -1297.31712454
3552.48141478, -1452.96792725
3673.81243973, -1619.68859899
3789.85256649, -1794.71627961
3876.30705404, -1934.16742368
3948.14141822, -2042.51789263
4021.46317573, -2111.48832018
4084.28606463, -2164.62290995
4137.9776937, -2209.41363408
4172.55490959, -2245.28027793
4187.47435446, -2267.78383687
4193.55264681, -2276.95195347
4197.42065104, -2282.78620949
4197.42065104, -2282.78620949
4197.42065104, -2282.78620949
4197.42065104, -2282.78620949
4191.89493072, -2274.45155803
4185.26406633, -2264.44997628
4173.66005365, -2246.94720822
4162.05604098, -2229.44444016
4140.50573172, -2196.93929947
3089.34089413, 1057.13283928
3108.54744926, 1084.26415403
3083.87045897, 1087.10072775
3083.87045897, 1087.10072775
3082.46599341, 1080.17054186
3082.46599341, 1080.17054186
3082.46599341, 1080.17054186
3082.46599341, 1080.17054186
3087.99171373, 1071.8358904
3125.5942545, 1025.97687899
3165.31494146, 940.72861198
3230.39865672, 795.507711255
3291.81233312, 625.057248213
3360.69033905, 445.157775453
3414.38643538, 293.586903455
3463.97049116, 160.886408307
3514.97744089, 42.3271780512
3567.39807039, -65.6963268123
3615.68823094, -162.06053383
3661.22474553, -250.651875616
3692.41281566, -310.362044609
3712.85798085, -341.200255003
3721.69913337, -354.535697336
3721.69913337, -354.535697336
3721.69913337, -354.535697336
3721.69913337, -354.535697336
3721.69913337, -354.535697336
3721.17420392, -342.885613685
3721.17420392, -342.885613685
3717.85877173, -337.88482281
3717.85877173, -337.88482281
3713.19415914, -318.180980815
3701.03757443, -299.844747608
3694.22717307, -251.568268517
3679.40908435, -189.403775062
3667.39992676, -113.378909827
3661.00863144, -9.63330103223
3648.87522206, 126.299698555
3646.80789378, 294.10233904
3666.12976619, 474.885815184
3698.78708093, 664.510443844
3730.51878857, 817.527105453
3751.35094995, 938.121554132
3778.45015485, 1014.87852837
3788.52545016, 1050.35370877
3794.65902768, 1062.81882918
3791.89616752, 1066.98615491
3791.89616752, 1066.98615491
3791.89616752, 1066.98615491
3791.89616752, 1066.98615491
3791.89616752, 1066.98615491
3791.89616752, 1066.98615491
3791.89616752, 1066.98615491
3791.89616752, 1066.98615491
3791.89616752, 1066.98615491
3791.89616752, 1066.98615491
3791.89616752, 1066.98615491
3791.89616752, 1066.98615491
3791.89616752, 1066.98615491
3791.89616752, 1066.98615491
3781.00583545, 1038.16948148
3779.03036946, 1024.86168173
3773.73025708, 1012.94913335
3768.12160901, 988.833929295
3759.17910035, 962.508437109
3760.16445988, 913.969493295
3763.32325076, 847.67453089
3784.36231202, 723.644865483
3799.54868888, 588.536116847
3823.50250469, 411.247609865
3852.93596985, 207.596753916
3870.72856555, 7.02650802106
3889.47441094, -146.119152318
3910.5226864, -266.543278224
3936.88028843, -371.449316253
3954.72370204, -443.606177262
3965.1304287, -495.49741005
3976.73444138, -513.000178111
3986.98005946, -519.405434554
4000.3155018, -510.564282039
4017.81826986, -498.960269363
4036.76236027, -466.00391279
4060.72566994, -422.52104502
4089.96144941, -377.942247381
4118.66308523, -325.318905593
4150.71701003, -263.274196673
4188.31508354, -202.353060207
4213.94532351, -157.765048373
4225.36979922, -136.992919093
4228.13265938, -141.160244822
4230.30609072, -158.916263412
4230.1678778, -212.999355938
4225.54458925, -285.65350381
4212.55900666, -374.649990509
4208.41457659, -476.981919541
4204.82271854, -580.147313719
4211.79422848, -673.909769154
4219.32752464, -764.900150233
4239.11876165, -834.565830001
4257.58846085, -878.711840142
4285.55324075, -897.365823243
4324.68003162, -889.422635239
4369.6871495, -859.5837455
4423.084204, -802.58589843
4483.40223019, -750.598056429
4533.41013894, -717.443734497
4571.74953564, -692.025421017
4599.45185081, -704.854362292
4605.1755365, -744.252832088
4615.4993354, -828.593920391
4599.13382125, -937.828392728
4576.07294335, -1062.30005982
4547.72116727, -1195.0787358
4531.38329571, -1293.49658963
4538.4285192, -1358.41472905
4551.66260539, -1389.23451105
4573.54909293, -1398.72037755
4609.91302364, -1386.60986382
4649.11352808, -1349.8223598
4688.77920953, -1239.53802857
4742.18101096, -1072.15449412
4780.79236625, -831.789847717
4818.47364719, -521.253020485
4847.10659605, -169.922472084
4896.78335311, 167.764098285
4935.97492302, 418.111898052
4932.80245069, 587.581468829
4922.47865178, 671.922557132
4872.37413382, 709.492988057
4796.67623267, 716.897565155
4705.93910212, 699.933687667
4625.92644813, 646.886772577
4565.59920773, 591.293391074
4507.25664753, 552.613348821
4491.02013211, 493.856429509
4493.30860106, 412.586737066
4513.04455291, 321.287820288
4559.10599694, 221.046394849
4622.62413806, 114.381284578
4708.58133874, -2.60315733456
4807.04051662, -111.299018766
4933.446046, -245.859942301
5083.66745793, -394.626630094
5239.98559061, -545.350355487
5409.32141572, -703.04112355
5584.46385427, -867.680505894
5747.41285134, -1028.40581303
5908.95738283, -1196.06130607
6046.9392823, -1358.94161617
6164.95487505, -1520.66149704
6246.73553582, -1644.01433861
6304.41020672, -1758.15299261
6355.18233432, -1860.07056253
6398.49013238, -1952.53912274
6427.99284383, -2020.5655148
6449.216189, -2072.48439017
6456.63444756, -2099.9610974
6453.5538375, -2111.60196686
6441.05186032, -2119.89054734
6406.14768034, -2103.43763817
6352.74615858, -2053.65533737
