236
0.0, 0.0
205.008123384, -0.818135993071
189.147095925, 9.40085651742
234.620398602, -29.227872993
340.661809311, -99.6921846329
487.974267925, -150.721975316
640.506191458, -185.822008124
794.175481341, -210.936731834
890.616473277, -252.266322617
949.033563359, -295.07337328
943.41546203, -340.000391181
82.4993932583, -837.213144971
171.954792651, -877.446607655
173.068225379, -796.454260685
182.92981973, -806.590776698
240.498211207, -838.385120578
328.884974666, -883.604364769
411.846081959, -959.751949607
457.783192915, -1037.39074041
479.640094938, -1120.69905832
459.198551371, -1225.42796215
405.553934459, -1344.70182801
329.26888879, -1437.66199048
257.354609437, -1503.6796883
223.670423185, -1553.22134346
216.671084558, -1553.12512088
250.190317813, -1515.58233193
331.172477245, -1444.68882127
443.591582397, -1342.22446261
543.915598751, -1246.59448957
633.171923989, -1155.81283722
714.837829029, -1107.93089956
756.026400435, -1094.49581171
766.887900304, -1104.6460738
756.201540969, -1154.50388888
685.586022416, -1271.54426029
567.342624688, -1433.93421963
417.102250381, -1595.88430431
212.619548598, -1775.09039983
12.9714214099, -1966.36409198
-116.611030548, -2080.59363345
-200.400461371, -2137.44722861
-212.646757084, -2155.28057494
-180.581050089, -2150.720922
-119.023224076, -2110.56330683
-11.1398382359, -2047.04027904
130.331511274, -1940.97493471
293.172020909, -1808.20080913
477.271722003, -1656.71714646
627.852189841, -1542.77627273
754.733780526, -1479.51442052
613.42026692, -1719.59459645
222.545826717, -2144.26172726
17.5132816125, -2363.46404351
-124.23298956, -2489.5274982
-223.172210069, -2557.17386281
-235.583458779, -2587.00607536
-198.669431106, -2593.51411354
-129.318552195, -2568.4650498
-23.6686608029, -2521.91292365
121.678596032, -2424.90171332
294.559399097, -2289.26533202
474.783192866, -2128.72753535
634.733954611, -1987.91292738
780.686039101, -1846.90587425
913.226969364, -1735.71728759
994.497796541, -1643.82576105
1040.23583334, -1590.4494368
1040.49700892, -1571.45123196
1028.42941229, -1576.28580655
1002.14320107, -1596.92642427
963.184565568, -1666.39745939
920.772592768, -1768.82413835
874.879790506, -1906.2062722
837.958645742, -2045.71193183
803.831026286, -2200.25741248
770.593343683, -2362.81588336
754.766437381, -2495.61087211
753.130653495, -2614.59962877
757.631763549, -2723.67180675
776.062820442, -2837.93595747
796.686133534, -2938.22892312
818.433066892, -3029.53648518
832.551900347, -3093.73662958
840.166254167, -3121.84395276
840.166254167, -3121.84395276
828.167387949, -3121.67899976
806.801786371, -3075.3809321
768.740204813, -3006.85125962
731.379673491, -2887.32640573
693.321650478, -2745.78988435
663.48280894, -2588.36484334
635.121427281, -2468.96370419
613.209540926, -2389.65500835
595.92603792, -2337.41249191
580.106248709, -2324.19378284
561.039313449, -2328.93213486
521.795568747, -2346.39433694
470.099337085, -2396.68846813
399.336170164, -2451.72095133
313.450705722, -2515.54639295
218.291169957, -2599.24623018
123.952840629, -2695.95858523
32.3667983611, -2810.71047786
-3.41342150869, -2867.22397949
-3.66085100396, -2885.22227881
64.7588528045, -2855.1599414
217.187924765, -2752.24552054
426.299009895, -2600.10560443
627.672026459, -2428.8575148
837.346700995, -2235.72147244
1051.22718885, -2027.64183164
1225.96015458, -1830.0250543
1384.74961636, -1628.18871756
1532.59510177, -1422.20155183
1654.74545753, -1193.85906655
1753.16944398, -1018.19541381
1835.12757531, -876.308611365
1851.44222351, -853.530721777
1846.01656734, -884.459062424
1827.08353437, -952.205208162
1779.72345976, -1123.57038354
1729.00627044, -1320.89186415
1677.05549219, -1535.19799248
1621.43499787, -1725.45140404
1567.0206003, -1900.71997891
1515.74338012, -2066.03073685
1436.37258286, -2237.95594309
1336.92119873, -2415.60566078
1239.58315285, -2512.27677758
1200.00950215, -2553.7367121
1200.10572473, -2546.73737348
1234.96851558, -2484.21069266
1355.33188055, -2385.85592473
1533.48713286, -2230.29016349
1728.7095094, -2069.95855806
1940.98526409, -1905.86101398
2163.15010528, -1749.90017487
2356.79524082, -1631.55085512
2516.08619058, -1538.73171203
2650.99451757, -1473.58001744
2752.58980256, -1430.97252903
2780.61464923, -1429.35760832
2578.03909445, -1542.58368573
2449.786454, -1632.82924085
2349.36621507, -1735.45855251
2267.39433766, -1878.34526048
2220.92419991, -2057.72342609
2209.10710321, -2262.58034256
2218.60062377, -2517.73494876
2237.51586401, -2815.02304756
2259.05967657, -3139.3498336
2285.03942731, -3504.74147629
2313.43137158, -3840.16344561
2336.0988044, -4155.50482806
2355.45391931, -4420.79595028
2352.67721053, -4622.77686494
2330.46598079, -4783.4867317
2303.09382901, -4883.11988536
2285.62806838, -4916.88298956
3757.04932084, -749.715546584
3824.31128322, -585.624631491
3835.98380199, -536.780468016
3859.09159758, -529.097383781
3891.84105018, -547.549303849
3926.37037649, -582.027204373
3963.3770682, -654.542752836
3976.05612148, -750.72612774
3974.48906801, -864.715356807
3931.88465004, -981.140713023
3866.18618258, -1104.24924796
3783.37935265, -1235.12334362
3683.53289066, -1368.76347243
3581.65912546, -1504.37592011
3478.32164647, -1600.96456041
3409.24213067, -1679.0223627
3590.07738109, -1619.50251552
3739.69562311, -1575.55502807
3806.16031268, -1469.45863303
3907.45674239, -1375.84221711
4072.65090267, -1290.10488914
4267.86972067, -1202.78013262
4430.81664042, -1135.01361181
4542.57593358, -1080.54471801
4621.00843866, -1049.61993591
4657.19748247, -1036.11611765
4671.19615973, -1036.30856281
3803.78224031, -1642.44228766
3830.0511469, -1695.80842437
3854.84615215, -1638.14381031
3895.84227839, -1638.70739972
3975.99967284, -1627.80822014
4083.19575453, -1614.28046826
4176.32442855, -1605.5597988
4232.07170807, -1624.32787878
4262.57392014, -1660.75060601
4244.57206226, -1733.51002542
4180.10718373, -1839.63391263
4084.32907423, -1968.32949818
3953.69173242, -2086.54491564
3823.31556619, -2185.76212825
3720.11554803, -2272.35171338
3634.98255961, -2354.18920041
3570.09511105, -2418.30330977
3558.38135403, -2470.1471898
3582.09041873, -2491.47511167
3652.27625016, -2478.43866023
3817.78301181, -2442.71035425
4048.36966718, -2328.86926165
4325.25439021, -2193.66256747
4590.36018436, -2042.29243201
4846.2606376, -1905.79716457
5051.8634011, -1790.61251438
5199.27919939, -1688.62926862
5307.38252255, -1609.10775254
5360.49104223, -1528.83020189
5361.61822104, -1446.8379494
5334.92674442, -1351.46203485
5258.34996056, -1247.39957201
5154.30836089, -1176.96275253
5032.69103192, -1148.28828141
4919.70170837, -1146.73497402
4834.99484853, -1197.57538999
4767.21409353, -1326.65586586
4704.69048316, -1509.81371621
4667.02704991, -1703.31427382
4644.5923243, -1953.02947778
4634.64776535, -2239.91988499
4629.42425378, -2619.88398188
4655.48292247, -3052.28304037
4702.07224023, -3518.96755423
4759.48537814, -3925.79519782
4812.8851479, -4333.56776261
4839.5522028, -4648.9641294
4848.07331, -4902.10517848
4814.9557836, -5128.67134861
