230
0.0, 0.0
223.763508968, -62.601054739
230.90890106, -8.06718112045
279.657847701, -28.5742579817
351.81364508, -55.1738990443
470.147060966, -75.7214703019
595.728788901, -87.1332891298
722.028711239, -123.852897209
817.837693662, -177.756875605
167.059856835, -672.402412424
254.82753176, -764.586116181
258.984850796, -732.857316985
231.194032592, -629.369779457
284.592966883, -660.571603386
337.705072471, -740.146123429
387.521467778, -852.570883863
433.877929933, -983.7047026
450.960502937, -1115.03705086
443.774616448, -1239.15539372
421.114079021, -1358.22050215
400.333671588, -1432.14732182
378.917181188, -1487.83694328
355.955194281, -1532.23004137
346.676027499, -1549.16807737
347.845273478, -1540.2443526
497.878247011, -1318.85982999
732.204341541, -1085.32336298
824.16251951, -1014.67144507
898.649498458, -961.901283355
943.931201559, -939.595065293
957.812551208, -941.413892371
947.965914763, -970.380144298
888.762367617, -1060.45200453
760.973186587, -1212.13563981
588.408469204, -1405.35421633
392.060650556, -1572.2599805
173.331812797, -1748.33580375
-61.3092293437, -1930.3950835
-259.284655934, -2078.93373324
-380.530221186, -2172.97900376
-450.70915636, -2231.35637144
-437.771526902, -2224.98316628
-366.484648666, -2188.93901292
-256.125049618, -2131.79219413
-97.235841972, -2027.55103291
98.141260221, -1898.84288266
316.938711284, -1753.03247354
509.033601328, -1633.97974061
696.061758798, -1553.5964817
222.739896211, -2117.88666803
-149.687688144, -2443.25982982
-243.273474055, -2495.54463331
-283.857384721, -2520.48348242
-249.071899165, -2532.10114116
-162.618007214, -2511.15538821
-38.6711976086, -2442.67773938
127.630544957, -2343.44200782
294.383339098, -2209.97476222
457.641893435, -2080.08386787
634.392048761, -1954.98637552
805.664914333, -1833.20540197
944.935650137, -1732.44498242
1065.14188563, -1646.3319117
1132.81810597, -1591.66081147
1146.76075854, -1562.22269945
1125.38476254, -1548.32785167
1077.79156374, -1542.09187312
1016.2079076, -1573.3561226
945.345084673, -1621.5584081
875.624511463, -1707.22661499
818.86237623, -1824.84914686
770.278775104, -1964.72278162
727.418798039, -2122.49167072
685.406931597, -2304.57682409
659.163855185, -2504.86486901
655.800654244, -2653.68922481
656.88891143, -2783.93443853
660.527688229, -2902.41126877
658.914701062, -3007.0888608
654.552664759, -3094.26094715
644.679032049, -3169.61684524
638.962718375, -3213.24394414
627.310752984, -3232.89672263
610.796772287, -3235.77568799
583.355208346, -3198.89804478
552.459898997, -3096.01228357
539.049286802, -2952.04994307
527.847250343, -2791.23167801
516.583910969, -2661.67035204
504.575380927, -2553.19088299
487.370202091, -2484.37241293
466.787201538, -2441.33359222
443.004100273, -2415.02077986
409.340055911, -2402.54151236
371.662106866, -2397.60469601
315.343712821, -2419.47336063
245.130470996, -2462.71802125
163.607207655, -2530.70300146
65.3444378292, -2618.68270404
-26.9348754956, -2722.574611
-112.307820648, -2812.24322444
-134.585919804, -2866.81140471
-92.4835088951, -2899.55872515
-4.8738690976, -2892.88407051
136.140892736, -2832.69406349
307.010511516, -2737.08248795
496.862519171, -2619.75297252
703.454033312, -2482.42873473
903.200482196, -2328.07085136
1096.56022779, -2183.97016162
1276.90023249, -2039.17208599
1431.5561974, -1874.87195661
1567.81074124, -1697.0667281
1685.69817066, -1520.88910754
1762.41341122, -1343.35102187
1810.97620383, -1165.14985696
1815.81010023, -1082.07378673
1796.59487517, -1059.38513039
1760.15478541, -1075.79000339
1686.03055886, -1171.97523634
1606.43635294, -1332.99934132
1524.10040827, -1538.04029385
1463.03753965, -1711.57797298
1406.24840815, -1875.59015101
1352.22182392, -2033.91301164
1300.74575931, -2180.46748878
1234.99859639, -2328.17771378
1159.15846271, -2483.64241756
1058.01053978, -2639.82531576
1008.18176899, -2696.83490794
991.325844414, -2694.6263322
1011.26545161, -2657.90560148
1101.07635676, -2572.85266904
1237.64584821, -2446.52462779
1436.742716, -2297.1243693
1661.00395868, -2171.19226446
1899.7348292, -2073.37830092
2115.30518328, -1990.68354632
2297.15019009, -1926.76646332
2456.82620544, -1878.09850547
2573.29917721, -1835.87236609
2644.40833444, -1808.88185372
2683.17341803, -1797.82435426
2671.27511833, -1796.26535962
2621.65106481, -1797.83166465
2544.20300906, -1827.01725462
2453.37977042, -1873.61274069
2363.09700518, -1954.56965701
2291.18866475, -2095.42131862
2229.08646637, -2276.89119754
2181.09845382, -2504.58649976
2145.11166092, -2779.2389178
2105.22738142, -3083.63708509
2076.29149368, -3466.11939108
2049.810516, -3852.95754564
2022.93978965, -4242.77027512
1997.20400263, -4608.52657277
1967.81594067, -4879.00086325
3852.43109207, -632.856761706
4082.23823781, -533.873552191
4078.59327327, -500.11389826
4068.67802352, -498.814736062
4083.55089814, -500.76347936
4103.63504234, -586.095930116
4120.32786668, -720.402853301
4103.56867432, -848.309575061
4042.32077431, -969.378541952
3952.17523567, -1110.86628652
3820.1601223, -1264.01330688
3677.45026187, -1421.81031488
3527.92964283, -1577.70638436
3406.19871935, -1690.85046184
3341.90763111, -1781.26426595
3323.4927119, -1790.95398991
3357.04033817, -1781.2299593
3434.57050535, -1759.11496037
3543.28899832, -1706.79585023
3677.62291777, -1643.71337973
3833.94810767, -1574.43542506
4005.06406076, -1500.03562265
4179.33230977, -1416.97192791
4352.52692238, -1326.7077259
4479.44830691, -1258.61982573
3855.76896751, -1638.81593513
3605.86530208, -1821.9010465
3535.66555839, -1841.95088404
3549.71113091, -1857.91089321
3605.87261247, -1883.42339973
3692.13528528, -1894.72611086
3810.90625461, -1904.23699117
3908.02789737, -1925.03089674
3987.76045254, -1970.77714954
4021.39750064, -2029.6460632
4012.04353281, -2101.03586139
3986.56533294, -2172.33005002
3922.15782661, -2240.54055602
3829.63217898, -2323.22068985
3717.70008716, -2415.46063142
3625.01021666, -2483.99958316
3577.13018916, -2526.13630072
3558.7495766, -2550.95873174
3592.15378852, -2565.42104919
3689.59656663, -2552.9749657
3829.81833301, -2521.92893162
4044.57488313, -2430.0506198
4297.67246152, -2314.95667638
4576.90513127, -2185.13327268
4822.62448139, -2080.16660667
5016.73672804, -1976.50641324
5175.62593568, -1872.26525201
5257.81227825, -1776.12782384
5270.15431914, -1681.93295123
5243.90899744, -1589.74193709
5188.22556372, -1483.60827038
5109.94908324, -1380.56559668
5009.73644747, -1337.17864435
4915.36385385, -1333.89024446
4846.6139971, -1381.36083742
4789.07236454, -1504.93251914
4749.82304537, -1681.3283551
4732.65441847, -1920.12165117
4733.70949165, -2181.47368736
4730.23099526, -2454.33427459
4701.40421523, -2797.49752547
4658.5526712, -3163.02829733
4603.57730168, -3544.11583156
4533.51702988, -3917.17555642
4465.02194046, -4193.61980528
4400.87538921, -4406.08679086
4319.69519239, -4625.3988417
