330
0.0, 0.0
83.302894875, 51.5133740445
62.6719452771, 114.635192132
74.9175336423, 156.564246088
108.156910159, 197.370420238
118.390828303, 237.311212912
109.589958405, 271.363300792
88.7834417648, 304.485632614
42.9422398283, 331.754373051
-31.0564929607, 332.187438421
-125.195336894, 308.737959474
-242.602989762, 239.423869651
-375.226918448, 133.198196954
-517.996981758, 2.03147471665
-601.779759881, -131.480495121
-637.340975059, -227.274022956
-637.756483725, -298.272807119
-606.131574731, -362.458982664
-534.413714961, -410.87952159
-438.631891595, -448.440702519
-297.716237432, -463.265627874
-156.642572931, -451.091015589
12.5418045447, -420.080591243
200.807787942, -375.181599098
367.062443608, -332.153823541
500.270846503, -296.932787242
612.409382196, -273.588648519
682.484262534, -260.998527569
708.483817298, -261.150685672
708.483817298, -261.150685672
671.45518973, -265.934067364
614.421052416, -271.600387238
540.422319627, -271.167321867
470.42351834, -270.757665436
421.564811073, -246.471316921
387.735108112, -217.27283755
382.945874185, -181.244192857
419.284687319, -123.455866527
483.722508958, -48.8316938855
582.229975181, 37.5932972815
701.655150505, 109.895631262
835.056677146, 178.116102453
952.277058503, 215.43074026
1047.39247637, 234.87443547
1127.3384363, 225.406410812
1173.14452483, 192.137773122
1172.85776533, 143.138612221
1149.47776393, 78.2743267106
1083.0165676, -0.338072963676
989.503163524, -87.7923081799
879.019311733, -170.147141028
763.617476851, -238.472952445
648.274164316, -296.798935107
533.006930833, -342.125140387
467.85588582, -367.744299893
446.786018617, -379.621197469
453.821012154, -373.662265859
508.036620118, -336.978920141
623.379932653, -278.652937479
779.857144483, -197.567290304
938.427957821, -100.49362159
1114.06870686, 8.48035363932
1301.62146688, 102.384358919
1445.95843057, 159.540643898
1550.15562561, 192.931429254
1626.15432415, 192.486659414
1653.91390304, 151.323498945
1635.56892943, 92.4298495139
1586.06062411, 5.71809884491
1504.53531006, -83.8063289391
1409.96340076, -181.254540676
1306.52624698, -255.650476163
1212.17672259, -315.09933863
1122.90904387, -360.577702012
1077.78106531, -382.313974711
1059.75211238, -387.208548863
1059.75211238, -387.208548863
1120.03199218, -339.560504922
1200.38760854, -279.029728294
1313.81873884, -205.69229803
1444.35491826, -114.454663996
1586.96697123, -10.2874793983
1727.43275258, 68.8918377812
1825.66516377, 108.317633798
1894.74591347, 121.913589859
1929.64582612, 104.709052759
1937.42915644, 67.6628684871
1928.13669882, 17.7163948233
1895.69247697, -58.0950322053
1852.23673901, -135.842050403
1801.86890445, -198.548359824
1761.57112545, -249.313397087
1742.37832707, -282.201639519
1737.29648141, -296.172138603
1763.29603617, -296.324296706
1824.41203627, -276.681625515
1907.70322668, -227.168217221
2020.10511294, -158.8248491
2153.68805885, -59.6049087667
2302.27074791, 39.5272480455
2426.71339431, 114.800269479
2527.06281595, 174.214018537
2610.23696166, 203.72776932
2654.23620818, 203.470270991
2670.18326408, 194.376789356
2669.99599257, 162.377337339
2650.72711513, 116.489317525
2627.41148832, 62.6248436451
2601.07835618, 5.77797784314
2582.7392348, -52.1156887123
2567.40006206, -110.026911972
2557.07250815, -165.967430654
2545.82105043, -208.90231972
2529.60479174, -245.808050358
2510.44125453, -273.696378413
2485.31293348, -295.549695807
2453.202289, -314.36209893
2416.12684355, -327.145343627
2380.06893769, -336.934491932
2346.02270204, -344.735378955
2314.02325003, -344.548107443
2298.02352402, -344.454471688
2298.0878986, -333.454660057
2303.1931532, -315.484229471
2904.43600602, 66.0036890015
3169.30932036, 214.456130361
3288.67012111, 275.75865271
3382.87919186, 311.207926164
3429.98957947, 329.932545767
3445.9424876, 321.839047007
3437.72023967, 283.886515615
3391.37574555, 225.156728756
3319.86781696, 138.573727251
3218.31943647, 45.16641266
3121.70659577, -59.269974736
3027.07616412, -166.718015228
2962.58567237, -250.342033749
2921.18842251, -318.100927661
2893.8728642, -371.941992602
2893.66218375, -407.941376121
2930.51524427, -433.157480694
2982.5143538, -433.4617969
3069.64161314, -411.971318061
3181.87378458, -372.62745333
3310.15835215, -324.377378475
3425.46069905, -273.051275942
3516.76930916, -220.584736899
2990.64596303, 272.502704283
2874.23829303, 203.182762226
2843.291494, 212.364027382
2843.50802669, 249.363393777
2872.47826891, 244.193764592
2947.47698457, 243.754846987
3047.47527212, 243.169623513
3163.47328568, 242.490764284
3287.50627566, 247.76498443
3407.56274307, 257.062545017
3520.62518259, 267.401054123
3915.57745278, 258.089541275
3901.40797771, 229.171969171
3883.3497636, 219.277480641
3862.22722629, 198.400737184
3834.07554767, 172.565044993
3791.78365516, 122.811695075
3740.40413325, 58.1112721373
3680.89014694, -29.5419390598
3619.38204711, -116.183462912
3556.89152111, -199.819185903
3502.51205057, -264.502052136
3451.19690325, -318.202663444
3413.93418629, -362.985360157
3384.77667256, -389.815182989
3368.6833108, -405.721273242
3363.68339642, -405.692012068
3363.77117994, -390.692268935
3388.91120546, -366.838985791
3445.24382387, -310.167687031
3524.70479758, -231.631366408
3637.25298971, -138.288426399
3765.88283912, -31.0393618877
3905.36034207, 50.1457732775
4012.73305278, 113.518488195
4111.94789014, 149.938483351
4205.03993332, 165.393951529
4284.03858048, 164.931624985
4341.99662162, 157.592315242
4386.91977197, 144.329187297
4407.80236766, 124.206632857
4416.65590767, 99.1543908559
4416.46863616, 67.1549388391
4403.23476939, 27.2317028695
4392.97744231, -16.7090213064
4384.72008097, -60.6614499517
4431.3271764, -127.935357645
4555.28993955, -134.660932005
4624.41165489, -114.065095815
4696.60939791, -80.4870389482
4767.88908934, -32.903369589
4825.22754286, 24.7620598118
4873.54274156, 78.480227823
4885.73565982, 111.409435899
4880.8469379, 130.438371707
4864.84721189, 130.532007463
4805.68435966, 102.877768798
4714.39330625, 53.411178382
4601.98556776, -15.9321726147
4505.57755528, -85.3691593672
4432.16914893, -154.940747519
4372.8541386, -208.594540948
4339.60890985, -250.400697974
4332.44516715, -278.359252845
4343.35134302, -294.423353436
4371.29819343, -303.587061888
4426.35577393, -293.909106043
4498.54181248, -262.331014927
4593.80938845, -216.887764953
4703.17036044, -155.526720256
4821.60140512, -82.2185511655
4946.08501717, 0.054350396304
5043.41693347, 56.4857075322
5123.6145395, 90.0169465214
5179.72477299, 108.688896011
5205.72432775, 108.536737908
5211.56621466, 81.5020868606
5191.34417223, 43.6197822852
5151.96444483, -21.1508674694
5099.55567887, -90.8453525502
5058.1057589, -167.604092342
5020.80792854, -218.386686309
5001.60927792, -252.274911617
4991.49240447, -272.21604678
4991.45729106, -278.215944033
5018.4568287, -278.373954371
5055.60250096, -253.590915168
5128.81193133, -218.018744784
5229.07356944, -173.604738859
5348.42266571, -114.302182261
5468.76004039, -57.005443648
5561.95157156, -24.5502665859
5636.06149681, -5.98365732116
5673.00234086, -16.2000187616
5688.81479536, -48.2931065342
5688.54559256, -94.2923188085
5675.2122378, -151.215263662
5648.91421906, -202.062232211
5614.63974626, -248.86245138
5573.42391568, -285.62187615
5533.26659032, -312.3873244
5495.14434412, -333.164579866
5462.06883018, -345.971233502
5438.06924116, -345.830779868
5422.06951516, -345.737144113
5777.77455343, 457.194936296
5790.37052661, 388.120038833
5799.48156495, 407.067043355
5825.48111972, 406.914885252
5886.22257679, 362.55865241
5946.98744281, 322.20235107
5978.75280544, 282.015764538
5990.61799855, 258.945931584
5990.54777173, 246.946137077
6000.47737367, 234.887820224
6007.38361804, 218.847128572
6022.19023743, 185.759910159
6034.93251648, 141.684584584
6034.64575698, 92.685423683
6034.34729301, 41.6862970311
6023.0314607, -12.2484036653
5993.68667546, -71.0776785142
5954.31280029, -134.848345393
5905.95078372, -196.566376409
5860.65309034, -247.302152498
5818.39045901, -292.055588038
5794.20945072, -322.914603545
5773.12202681, -337.791449749
5759.09300538, -342.70943284
5752.1340909, -335.668587068
5765.28017415, -310.745094232
5792.49624447, -273.903738175
5856.81116918, -220.279205919
5945.14323961, -163.795178671
6048.49260987, -104.398986317
6147.701595, -68.9789740366
6230.75284378, -60.4648636398
6301.69310559, -70.8802010612
6353.4698302, -109.183866537
6365.17116074, -160.253220006
6350.82611863, -219.170278376
6332.51625843, -272.064030554
6315.25905122, -315.963789086
6301.04275828, -352.881224195
6293.95509463, -367.840001684
6293.95509463, -367.840001684
6316.98981417, -361.97470583
6354.19400878, -327.191837872
6434.5086595, -273.660941372
6537.89314317, -208.264851765
6657.42951095, -116.96284315
6793.98314433, -22.7603738983
6935.54839654, 73.4127999304
7048.93856121, 139.750350066
7141.09499609, 166.21148211
7190.09415699, 165.924722608
7202.98274192, 146.848968921
7191.67861408, 94.9142339756
7144.25805803, 23.1905219701
7066.6683009, -77.3571263837
6968.03793775, -184.781757937
6850.37863879, -297.095111407
6747.79516201, -396.496471017
6654.28175793, -483.950706234
6584.82061298, -562.545549204
6552.51099252, -615.357370095
6545.34139758, -644.315907842
6566.25910668, -658.438565029
6626.25807921, -658.789699113
6712.30342439, -651.293128296
6838.44172034, -628.03092086
6975.63835027, -594.83325925
7119.8641215, -556.676648907
7245.11362703, -514.408914601
6604.88764212, 132.348913532
6604.88764212, 132.348913532
6606.12171439, 172.342376319
6681.07361218, 163.903595709
6815.88402886, 131.114092004
6990.78739632, 114.090224917
7160.74937175, 107.095447759
7329.74647772, 106.106420089
7496.74361793, 105.129096888
