325
0.0, 0.0
121.274962494, 49.6526280487
126.122068849, 128.503788852
121.957622858, 174.846613427
110.454654024, 199.599021552
99.364752093, 247.369452523
52.0972525123, 293.356227615
-22.7614444525, 297.957910864
-147.816294744, 284.605592018
-326.118663662, 187.362261973
-541.285628949, 28.2642511464
-738.069101706, -174.04310129
-882.169343004, -350.534235509
-990.002122165, -491.183059672
-1005.41109882, -611.464244562
-957.11263621, -689.574797689
-867.048861922, -740.196103096
-751.803189073, -772.327627953
-599.169226575, -766.68196661
-422.429260784, -727.452073771
-215.332749304, -667.044831385
-1.71176360928, -581.991468894
214.089521334, -494.066470078
411.049314599, -402.979479586
566.260219717, -355.412947943
694.677552547, -336.256000671
756.053472292, -332.01377537
773.651424904, -339.106875107
762.181303136, -346.41688924
733.559142726, -355.678203049
692.959590801, -364.203247537
644.051908784, -361.196814482
599.242978625, -340.408361484
556.859770822, -312.755808323
523.627250452, -266.629898144
519.139602044, -209.246442238
533.477021782, -138.993766878
586.908607738, -52.1084077991
678.006753516, 44.484179058
792.630191887, 132.617415559
895.983999353, 200.403774676
986.440078654, 253.95466372
1066.82513387, 274.060456353
1121.29202121, 263.69907692
1154.56947383, 234.60249383
1171.66449505, 170.43271707
1166.20383092, 81.6003966716
1140.67455959, -24.032251242
1104.85734978, -134.041921187
1033.23067698, -239.846551253
935.268431038, -334.013415754
818.648760748, -422.023940702
688.468533928, -486.15746193
564.06008847, -521.591043439
481.740157108, -540.576008559
425.845663374, -537.140085067
406.541834194, -508.90248285
431.768664999, -473.38337521
486.9674833, -406.644402652
610.389897977, -322.05771602
1144.15975368, -16.2313908957
1438.51750572, 110.947671115
1506.31161166, 121.808573472
1534.25885853, 120.090611726
1532.05005057, 84.1584371828
1527.93921353, 17.2846678942
1491.53695467, -69.645623428
1443.4805067, -166.880276762
1393.22733595, -250.955355292
1340.47066354, -326.861438816
1285.88540301, -383.619251779
1246.56223721, -420.275610464
1228.12172726, -443.18734529
1228.12172726, -443.18734529
1228.61257348, -435.202417614
1249.67929665, -418.463445875
1290.90449151, -350.865492444
1376.88934594, -255.962358623
1489.05421489, -142.630800027
1617.25029497, -29.2828178984
1727.4682026, 36.0778188631
1799.72919505, 70.7094369193
1844.64441323, 67.9484269701
1863.44097267, 47.757108206
1875.26714392, 11.9640687493
1880.38477363, -51.469438691
1876.21258081, -119.341323939
1872.34716688, -182.22262939
1862.7384803, -240.743336342
1860.52967235, -276.675510885
1870.40454392, -295.3165117
1886.9430248, -303.34637162
1943.88056673, -289.8143238
2027.53390165, -232.839596441
2154.94878016, -148.498332915
2287.13732408, -35.3957738933
2389.25967765, 77.5512265093
2467.4765188, 143.877132164
2504.86480845, 181.654318362
2515.84408401, 180.979404819
2514.49425692, 159.02085371
2494.19665014, 122.196851227
2470.13991744, 40.5189863424
2441.84529781, -44.905919274
2447.67068812, -129.422573418
2472.70570478, -211.11252348
2511.63656555, -278.628359245
2548.55477088, -329.990272328
2575.22996997, -368.699880354
2595.47055933, -397.996954307
2599.11131204, -420.2622843
2584.03328463, -437.369390698
2554.30672024, -464.596791779
2496.51019743, -492.102463032
2432.72497886, -519.239999625
2366.86574907, -531.221729495
2326.57297603, -534.756194186
2304.22986672, -523.363851728
2293.34045566, -488.630284008
2309.44510774, -438.523995168
2367.19235995, -362.924690527
2453.17721438, -268.021556706
2577.94945614, -161.476318964
2729.48676148, -59.5820350704
2897.8079708, 38.2748527418
3054.72041413, 129.81984238
3199.34868707, 217.110521541
3333.5827335, 281.996735623
3423.04069684, 335.608980443
3463.51753721, 342.137793013
3470.7826191, 313.638344156
3448.56655971, 261.903958057
3380.19608143, 143.87651337
3283.5715774, 22.5764506313
3184.21457212, -110.578292068
3089.41865621, -251.026625368
3031.58153952, -360.684584186
2996.11604083, -448.674347245
2997.2412067, -511.862431578
3038.33594319, -560.475419889
3105.05849222, -599.643027062
3230.45296846, -613.362550677
3386.51076927, -600.914144948
3561.70041711, -570.605939967
3706.68473953, -526.418314396
3808.93414302, -476.598042551
3883.35901119, -423.06357704
3911.3019197, -359.65857831
3337.64522983, 152.503507523
3104.18804496, 250.011162784
3034.65521539, 292.357185164
3008.67135337, 326.014857616
3035.98861894, 330.346947403
3098.13365507, 314.50414196
3227.62688317, 318.566638287
3370.78695582, 316.779573942
3521.50246571, 307.514851668
3659.50431477, 287.0090072
3789.52123614, 266.994008944
3914.54757773, 247.285789572
4008.63232456, 229.479599276
4080.94258762, 216.017583945
4137.3443511, 204.535377
4154.51281327, 190.455465546
4140.67832493, 177.279467209
4104.47221857, 142.435273112
4036.46553659, 95.5194846584
3954.64078979, 19.3964867384
3864.72482731, -74.2631080167
3776.13018319, -179.02468988
3717.78579675, -280.636365245
3680.63084503, -363.512836952
3660.30472953, -433.397377653
3644.20007745, -483.503666492
3636.49341995, -511.082778699
3635.69579485, -524.058286173
3635.69579485, -524.058286173
3637.72053548, -491.120459509
3654.57788042, -445.067990284
3707.3181293, -353.130695631
3782.045438, -229.482689846
3911.08407541, -86.129873155
4025.32295559, 12.0458787177
4127.63371485, 62.8642665227
4216.06505353, 83.477328902
4292.91998241, 78.7529341
4362.74316733, 57.4287026458
4407.99801146, 27.5958502359
4437.85162576, -8.30347724093
4456.54189717, -46.5222390532
4476.04621722, -87.7967045208
4500.60247284, -128.379832912
4533.7572139, -159.472647921
4585.24617689, -185.681171153
4650.12371426, -189.669296635
4735.25392617, -173.862746723
4821.1204074, -146.078805297
4887.3927041, -111.079052581
4938.63190563, -76.1570791749
4953.75486529, -42.0206456878
4937.69080709, -9.97464696261
4900.43731417, 3.33614810492
4822.58426933, 8.12189868358
4723.94277149, -31.9012808965
4612.7267479, -97.2005618813
4513.32047203, -182.261671194
4453.63834367, -256.740148321
4422.07110598, -313.911028188
4419.24874026, -359.824362326
4429.3241027, -391.502226391
4458.1631775, -411.308986962
4507.51677349, -423.359819431
4581.42228674, -410.870819814
4672.83154976, -374.410613635
4777.32260827, -320.720589505
4882.73400343, -252.058825982
4976.47478596, -177.670213341
5060.41847622, -99.6736950553
5123.90900109, -28.4349889128
5151.94611244, 3.9057035184
5152.3142471, 9.89439927559
5146.71010954, 0.220018563518
5110.52042671, -50.6553866622
5054.58533909, -129.371750735
5003.57947549, -209.39300965
4977.32602001, -277.911299731
4966.53515014, -339.364998785
4975.24426196, -376.970202831
4988.92753004, -398.850974631
5008.21493569, -411.057365719
5030.48026568, -407.416613007
5075.93126232, -385.163368192
5136.15350749, -350.793596775
5470.35378024, -145.912710185
5608.44115543, -67.2369400002
5621.4166629, -68.0345650967
5620.00548004, -90.9912321659
5594.36558233, -149.528362651
5555.21439869, -232.282122806
5515.06509909, -314.974527183
5480.27451395, -391.985014687
5449.32083403, -439.174734957
5447.41880495, -470.116329703
5440.75519565, -480.727470598
5441.36875342, -470.746311003
5449.766748, -448.21913437
5472.73550024, -400.538567886
5737.18416925, 364.677677016
5797.61124363, 320.887624706
5805.39568045, 333.433641743
5798.03639571, 392.997396899
5855.65318955, 352.385759797
5960.12007771, 307.892285233
6059.51860676, 278.738684722
6126.71557846, 263.587216355
6171.95399906, 249.785575075
6214.25942755, 237.166117083
6362.21826585, 117.863216154
6292.74338358, -18.1303158045
6218.04024524, -43.594822895
6151.10945853, -105.605062295
6088.63347316, -192.936335344
6050.78718437, -270.760871477
6026.40724926, -341.39810503
5999.40110093, -405.862575496
5976.61641601, -450.548794102
5965.22407355, -472.891903404
5964.73322734, -480.876831081
5972.08817372, -475.31762576
6011.02678132, -428.618751702
6070.70890967, -354.140274574
6160.68622793, -259.48256386
6274.55697345, -167.295507744
6401.68149662, -103.976035146
6504.68359295, -58.2095829148
6570.12975585, -69.2458758904
6611.46991545, -113.866400363
6626.4459932, -179.909697489
6621.23075218, -264.749554049
6595.05507602, -348.3009393
6578.15279884, -411.382735614
6566.10196637, -460.7363316
6565.05891817, -477.704302912
6576.3449726, -473.388636658
6617.49672652, -455.880548533
6681.67858845, -389.693777965
6802.92070388, -307.978727658
6945.92087956, -214.576641187
7103.50823643, -112.052375993
7241.45647653, -19.3416265983
7347.09687127, 69.3438118923
7426.17703164, 84.5203805043
7450.28737329, 52.9816515254
7423.40393652, -9.48658702168
7362.49469263, -103.92738334
7247.15140847, -220.069222484
7133.82077977, -352.364984311
7020.69064192, -497.697609388
6959.63017778, -627.195175844
6952.26748458, -746.969090987
6971.14616168, -847.316465397
7021.6085, -906.52417107
7106.84933829, -937.813138586
7216.91602565, -907.509271962
7365.07876328, -860.511365842
7517.97023406, -801.781491315
7648.78044218, -743.69802162
7762.99081364, -678.582807965
7833.529506, -606.7754763
7850.41535965, -527.662468857
7833.34884713, -430.432153879
7754.13729849, -317.359033458
7625.46586584, -210.262523617
7462.85849057, -101.079917369
7290.14724415, 6.7200147256
7172.3323755, 111.145379105
7087.38189257, 163.456137548
7072.33237387, 179.409569367
7112.88699355, 170.905286767
7192.2454241, 158.011896959
7337.35679642, 139.072793973
7527.32203115, 116.374565078
7746.29398448, 92.89513462
7942.37062652, 71.8250029842
8089.98550051, 44.7169049919
