277
0.0, 0.0
-10.7176312079, 120.868243891
-57.6372592631, 189.828728976
-115.444808805, 244.420735864
-181.78145824, 290.512480696
-255.254984884, 318.0014036
-329.090986119, 339.501285499
-404.466135987, 319.017467923
-461.508951491, 270.374717186
-517.096395126, 179.56702968
-547.485114754, 58.1811749877
-564.04906807, -83.0761626997
-553.906723341, -196.896779652
-516.272718954, -270.304420356
-460.038629392, -317.788387873
-380.184749312, -322.621382413
-292.411367165, -262.814749116
-197.230620243, -163.383237937
-100.119412258, 1.05037567007
-6.85123557583, 184.751347955
84.2681946482, 382.607986549
158.234701306, 611.557666376
202.710464549, 833.275745214
227.798044251, 1049.15444575
220.707895702, 1196.8525493
197.473944105, 1243.34108007
162.206971572, 1223.43528573
114.99896513, 1122.10215133
68.2508938104, 945.603942195
20.4785479057, 719.076233146
-9.62873713984, 486.470232821
-12.181213341, 262.214831849
4.59408156726, 42.8006356793
52.3704306839, -144.427621977
130.02609889, -268.345325294
227.308863611, -349.370405908
332.603117423, -380.78887363
448.811393807, -347.74895081
590.63580771, -272.178879876
749.242460327, -134.509239992
895.839456339, 19.9165375205
1009.16309007, 187.376246223
1099.37907057, 337.199731906
1139.32390143, 484.05479817
1137.65298092, 572.31695328
1108.67163804, 623.160652645
1066.17306452, 632.745601717
1017.35728675, 587.61224553
965.368487936, 506.605055738
924.333496549, 374.843416853
906.075258389, 238.697771534
903.727383813, 100.587353806
924.185100304, -24.8777084066
962.940839811, -129.409964937
1012.5845008, -219.57374327
1071.81311087, -267.238948082
1135.96943925, -283.143838158
1205.38712271, -278.32873444
1284.75222982, -225.026016195
1368.01530717, -123.871382334
1465.18966434, 8.49985437735
1571.83088247, 148.312767211
1675.65881739, 291.301437843
1759.70451959, 438.492877613
1825.94097174, 506.615798916
1852.61843195, 517.023157703
1865.83907394, 487.169939698
1867.63081932, 400.90413159
1852.3959395, 281.606610924
1831.83929218, 140.590922964
1809.2835611, 32.7566102635
1789.50953864, -62.2222717876
1772.27557507, -148.338417193
1764.14326111, -199.941377086
1763.23707464, -214.913979601
1773.76252153, -206.53454241
1788.21751325, -166.33437805
1846.2241909, -68.6603009004
1937.53033193, 66.0697574037
2048.49788082, 194.600699568
2166.72586854, 310.670260266
2283.53279573, 419.813018889
2353.91707809, 440.598898623
2394.20922948, 411.110891963
2411.42530223, 347.955473834
2404.47787258, 233.16552122
2379.56331991, 119.462992377
2359.2744234, 32.5299107653
2343.18829603, -34.6209381214
2335.90175612, -72.2494690005
2335.23721937, -83.2293775114
2342.6473209, -76.6650500267
2355.68125209, -43.3916877421
2403.37529474, 32.8662842713
2481.8891543, 138.315674295
2579.27632336, 257.650243062
2686.28275284, 370.391646505
2771.99937555, 429.320931165
2844.68206708, 454.976853541
2877.10965532, 427.968493336
2885.19250386, 346.331078143
2878.06383691, 228.546605026
2870.21022078, 98.7840498961
2882.7113871, -9.16835091365
2909.15540785, -101.93533732
2958.0713829, -171.016647269
3038.16964947, -204.917498201
3137.98699956, -210.958741376
3277.27409133, -177.311957484
3419.09850524, -101.74188655
3560.43688293, -1.0966532282
3684.29143706, 108.621391873
3799.34366698, 221.877669364
3868.54032829, 338.911092216
3888.70839993, 423.847826825
3875.9394828, 477.717621286
3835.94939357, 512.196495451
3779.05350402, 515.640004061
3709.60971948, 460.734987998
3646.39936242, 376.399640952
3601.73415162, 250.868692799
3571.73948118, 119.440690665
3557.59476189, -14.9502573787
3562.86706397, -126.47246517
3582.6863448, -212.827523549
3616.50889248, -282.998994023
3673.64916852, -315.510359025
3749.14514325, -293.030194448
3850.83254198, -235.067508695
3974.68709611, -125.349463594
4111.72798089, 3.60710234687
4257.53961529, 145.056624346
4404.65148535, 291.436601419
4510.35767916, 399.247549789
4588.4802263, 481.678536858
4639.2031008, 508.663532732
4664.06818805, 489.125686489
4670.96888904, 437.614713621
4654.76467356, 335.406967336
4620.65648425, 202.224267927
4573.30155186, 48.8048741778
4528.54435404, -61.6930590282
4487.11257671, -150.352000076
4452.6364393, -223.402639698
4437.42492381, -259.549697622
4437.12286165, -264.540565127
4443.1407405, -247.873677769
4487.93224967, -186.467483407
4557.10007314, -86.4634225036
4669.76190687, 36.955827292
4817.29666395, 190.323018872
4985.22051483, 316.408625927
5124.1080839, 426.218658054
5218.59819299, 464.580348376
5282.63369651, 446.679111299
5312.43197559, 392.780478999
5306.33031999, 291.964955398
5284.13980026, 157.059133308
5250.63847202, 0.797618512262
5221.67081291, -113.661434105
5197.48120942, -215.385880936
5191.80244084, -309.214190029
5209.44140061, -365.382393651
5255.50978111, -382.196206957
5344.13441081, -374.536245438
5464.8159439, -300.692033941
5621.03493709, -185.919972148
5823.92369834, -44.9194382553
6060.35357269, 137.129770796
6282.68819316, 318.02840689
6469.63501623, 477.024901639
6633.7158358, 622.377867372
6704.06580682, 692.25548595
6715.71025208, 702.570857712
6688.88312917, 673.137789975
6630.66363962, 588.50038077
6557.83675891, 477.697648651
6474.00113184, 350.530091333
6416.20726607, 239.819346239
6410.46808505, 144.992863644
6428.5326686, 62.7513241331
6499.40846068, -7.6590593139
6576.54378133, -57.4098613988
6662.51026404, -93.6695339237
6726.75857945, -124.607438946
6777.09287827, -153.701396423
6786.56247599, -179.320270697
6758.79759201, -207.694752502
6705.77630835, -239.549791017
6618.06060188, -265.297700417
6515.67435505, -285.148555837
6403.0331489, -292.356792494
6321.78704613, -277.421238081
6288.42169682, -249.354291944
6291.50273084, -198.447443393
6351.89980469, -110.936338549
6457.90806066, 1.86547732659
6593.13383574, 133.937388634
6737.01227232, 243.445358601
6880.04493486, 338.978899555
7020.02540122, 400.634953907
7114.18461031, 416.976414776
7180.45811056, 402.947046839
7214.46189553, 335.770096867
7220.64038409, 239.220491591
7208.58126207, 122.736254133
7183.24382238, 2.04651078304
7154.09492598, -115.407062337
7124.18676905, -195.746978625
7102.65531256, -253.551791412
7088.8648576, -282.772047261
7097.84841911, -283.315759147
7120.47277288, -273.664924134
7175.06477977, -215.857374593
7259.11321872, -101.726485219
7553.10498967, 435.493989646
7634.43633949, 852.341937387
7635.23685517, 1047.65030683
7619.01348241, 1176.86641332
7603.12648316, 1261.98164847
7591.41888871, 1283.7286536
7591.41888871, 1283.7286536
7595.68480704, 1271.44850943
7602.64592046, 1220.93571007
7604.86055286, 1141.65711646
7603.99141448, 1044.53222471
7997.61488735, 529.812338159
7881.92969527, 389.54496371
7773.70954365, 322.96119104
7699.09639107, 232.303166236
7648.01651548, 133.208028563
7610.60900676, 28.2762493408
7594.4967783, -88.9645118909
7594.65465127, -169.120454129
7616.34671748, -224.532133977
7659.75421423, -252.205030931
7718.2524016, -245.727216962
7804.09258593, -217.862135696
7903.02711389, -155.725518645
8009.27975635, -71.991559162
8080.50433924, 28.8898503788
8107.35756324, 108.412830461
8105.41615516, 175.652929618
8064.06268109, 237.263725606
7997.33198247, 293.39761788
7913.72432136, 335.525506547
7842.48879144, 366.886298592
7802.46986438, 384.335810809
7783.29175597, 398.520314957
7795.81354987, 406.778927285
7858.66690584, 419.004132532
7955.69981057, 433.168009104
8094.44592721, 424.77068109
8230.95678387, 379.44093354
8363.53809572, 302.290458822
8470.71334518, 202.633718441
8564.85192669, 102.764166173
8610.89694286, 2.79989012521
8629.71805019, -83.4947558214
8629.99674802, -161.654351058
8613.12252228, -208.720905061
8597.63778247, -232.829468542
8583.05922914, -241.965429507
8583.05922914, -241.965429507
8600.1751046, -190.9061815
8659.7264044, -117.369505669
8750.12635896, 2.38795011985
8887.44046805, 119.306021617
9035.73448566, 235.559556364
9186.09073621, 286.569338957
9282.91356581, 280.709333077
9339.93301699, 246.201621073
9368.03974798, 164.354130745
9367.98754581, 64.1743060554
9361.10052859, -49.6174730581
9347.95124604, -151.008283138
9349.28852981, -228.230117305
