274
0.0, 0.0
-65.2941800981, -11.9025226452
-96.8044633593, -6.23665565109
-127.168379308, -2.49064333486
-104.67988257, 5.20789642668
-35.6951450949, 21.3975843649
62.0682914981, 81.8567479839
179.831489705, 169.884182049
336.643844325, 298.937990356
519.858981029, 436.985857716
692.729084448, 579.274041849
854.974971674, 702.717438101
1009.01940826, 828.555872438
1105.99884286, 953.135121373
979.202408866, 1522.2639858
853.962490656, 1561.0320511
795.723393884, 1548.65434504
746.618901724, 1467.76708492
708.773475773, 1343.59895804
681.059869769, 1150.99585307
660.262709741, 892.725688062
644.74132392, 590.727200347
631.280338337, 247.76830796
609.786175144, -121.863942999
582.504720448, -507.973671223
547.356452961, -842.526506053
505.534588516, -1141.47789283
460.003045645, -1417.64247891
364.255107925, -566.412584915
496.28911297, -79.2093198281
558.00173736, 87.8581874583
633.052949246, 143.610457317
733.017331636, 121.00244428
846.831818818, 47.2849937855
976.938297398, -83.3760341897
1110.72672693, -249.862238189
1251.2164809, -438.911514916
1397.01834296, -618.538397702
1566.45506907, -792.386595405
1748.63186655, -962.273659242
1890.73265661, -1079.00140002
2034.25899688, -1174.56389081
2182.64998932, -1254.72069567
2313.47259211, -1301.09360368
2431.13539507, -1332.40597823
3097.15198316, 931.567277878
2993.28573827, 778.394815693
2922.12969067, 751.012031116
2908.168676, 749.967967262
2923.75124139, 756.147259763
2959.67872088, 771.870370714
3044.87035913, 799.300003812
3157.0699938, 867.85831461
3286.12859211, 965.755598553
3442.76406728, 1083.7654622
3599.32496646, 1202.77254118
3750.2008776, 1317.34330289
3879.58550733, 1424.29010082
3997.451009, 1524.35869488
3910.53458193, 2056.35825758
3848.16607827, 2085.78901955
3817.65301034, 2091.52946253
3797.89609774, 2033.8955801
3760.40443069, 1931.81534253
3715.81274, 1736.94723041
3672.91908424, 1438.91848298
3626.12165775, 1072.40790895
3573.53693977, 689.419857657
3511.97728378, 305.760622457
3452.71896883, -41.6259807818
3400.49661616, -362.413801439
3363.04509942, -625.940619607
3331.11890411, -815.850382529
3319.54622931, -956.103985684
3323.72248473, -1011.94804437
3340.6751454, -1010.68025255
3379.87345379, -971.648308976
3456.20967034, -852.624017156
3557.11199671, -686.636907613
3687.68793406, -488.346906393
3804.64800922, -309.125421023
3912.95057139, -161.637946883
4004.86935333, -36.4343625621
4067.03994829, 57.4635454159
4111.82094126, 88.8906462679
4133.65737514, 78.4901580436
4146.10965719, 19.2538459373
4154.61131999, -94.4287021056
4139.87011975, -245.94997789
4122.56560839, -376.604307656
4100.50735475, -470.510822054
4086.48227872, -537.74397788
4083.9572097, -571.02496384
4089.39074231, -576.635375894
4105.37391512, -562.403784734
4145.44801433, -508.264459175
4198.96970272, -405.98822111
4250.10495943, -271.801092366
4300.71818422, -130.633456287
4345.64642097, 6.09786252119
4391.4332357, 77.7118806796
4424.39679665, 106.24963899
4465.07801841, 85.2249345726
4511.4356218, 28.5242061104
4566.56355627, -51.587658434
4620.42369893, -114.746862305
4675.38336037, -165.790330193
4721.76869123, -209.452683328
4764.19288822, -240.374965092
4801.80788799, -260.626182144
4832.84298785, -273.347132464
4860.36440977, -279.311303416
5077.88843492, 2323.15777392
5141.53333683, 2316.88669259
5119.59459949, 2315.24602082
5070.58380437, 2206.28757938
5024.87347383, 2026.37769726
4961.48384379, 1828.09821067
4887.54457353, 1609.97672087
4817.56643715, 1379.11515969
4746.79569234, 1172.26134252
4679.69638387, 996.768656624
4626.06378561, 842.338917247
4578.02247835, 720.416676466
4538.98383657, 612.203994919
4521.13817223, 515.604138478
4515.93888222, 451.036597225
4529.14553058, 421.940473099
4564.57009919, 417.570125397
4612.34273816, 449.220954217
4669.97471239, 536.762690245
4729.75887568, 662.571488902
4785.25587368, 792.070844935
4837.36061826, 913.294174341
4882.02879315, 999.866422505
4927.26584848, 1065.42257267
4971.28196052, 1133.89579285
5020.35872521, 1201.74467764
5070.6564332, 1266.67649242
5120.10607784, 1329.53930055
5150.98151108, 1385.9990882
5170.41239225, 1434.58345664
5181.58636784, 1459.48611252
5180.84060794, 1469.45826585
5180.84060794, 1469.45826585
5200.4225493, 1408.74955501
5218.47663698, 1314.83443419
5241.94704442, 1135.08421868
5258.13003415, 918.688491269
5271.19134695, 676.989500563
5297.68303607, 403.20273973
5327.21321972, 115.604116205
5377.35889394, -179.477925534
5437.30844847, -444.74581072
5497.85461092, -717.991418576
5554.85936797, -997.518622393
5604.42564712, -1204.39825883
5634.32680251, -1389.6843104
5653.06258872, -1559.76067653
5663.95068319, -1705.35411525
5661.28697683, -1803.82697785
5658.23126947, -1870.23979779
5602.41700224, 2214.97375447
5574.30948703, 2161.72934079
5555.76300311, 2168.36469565
5539.71386073, 2195.24266114
5550.31034945, 2201.04907369
5597.83153299, 2222.65317318
5668.68927662, 2254.0248191
5769.51893521, 2313.71049535
5877.55282909, 2370.92655753
5999.14713024, 2421.1343849
6101.24458064, 2463.86740049
6191.94432749, 2484.68940619
6252.77446285, 2489.23854156
6287.99442453, 2460.78587387
6307.47406243, 2388.03600302
6292.0702847, 2285.60200656
6252.02582116, 2137.20240771
6191.58959502, 1993.29458106
6115.8968349, 1852.25697591
6032.19862465, 1697.58438752
5941.02560261, 1562.40864986
5878.79955271, 1442.43399123
5847.09517716, 1356.83123093
5833.34928404, 1312.68317976
5846.50908387, 1297.62264629
5893.62966, 1311.17444713
5961.99866851, 1362.41582372
6077.51598061, 1440.24737648
6201.33704681, 1527.72505115
6333.25726018, 1600.76652774
6434.70264773, 1625.40051534
6509.24234232, 1620.94698522
6566.44788987, 1580.09939864
6599.11505508, 1505.32736966
6612.48137004, 1407.05050756
6613.87249458, 1267.76639227
6621.8626401, 1093.87804426
6636.47953404, 898.423838853
6655.86929132, 639.147852088
6682.8552849, 345.342208592
6706.49587359, 29.224947806
6725.73647889, -228.056608291
6745.34996413, -490.324241057
6756.64057423, -735.164029742
6773.94220381, -966.517987163
6818.40098178, -1158.73769755
6880.60502883, -1373.69736011
6927.12420704, -1606.87747517
6973.17680826, -1807.00033224
7020.4589592, -1969.927918
7057.82441175, -2107.524513
7085.10489287, -2190.72172059
7099.65390904, -2237.76772072
7101.3691568, -2260.7036734
7101.3691568, -2260.7036734
7091.20960938, -2205.30707065
7061.8601216, -2121.26179971
7018.58595305, -1985.10987598
6961.43395223, -1810.88689012
5887.92839375, 649.907862787
5887.92839375, 649.907862787
5854.47913476, 681.501328457
5745.02638886, 750.531006242
5731.54055759, 756.542025714
5744.50435693, 757.511513577
5771.81065731, 794.651329943
5841.3537606, 857.01122719
5936.07870267, 931.282253502
6047.355698, 998.768772977
6166.58268853, 1053.81352504
6274.26282352, 1088.9416979
6353.99320169, 1108.94336772
6420.00541422, 1097.8353617
6454.72246503, 1049.28923536
6468.29338691, 975.094693248
6470.15969486, 842.865661282
6446.56498112, 675.640395597
6405.7384238, 484.062233435
6350.50339587, 297.423299422
6290.65517122, 105.425408793
6227.67475501, -44.6894378199
6161.45984377, -164.962400412
6129.68089224, -249.567945378
6132.21647588, -283.473266724
6169.11344323, -280.713955112
6235.73087009, -259.687342484
6322.82324197, -204.037376085
6424.3795394, -127.249887178
6531.32252091, -42.0372196653
6638.26550243, 43.1754478477
6729.79419158, 93.1404262029
6811.91960784, 121.343546665
6853.37431697, 103.385064239
6868.66909303, 46.3669107686
6865.80938617, -36.0759305014
6826.11868153, -162.387640035
6763.43656928, -316.491347983
6686.06680351, -488.740932437
6600.02040369, -665.650562132
6516.11758652, -844.405470514
6438.04890937, -1020.71849229
6366.04670664, -1157.46893215
6321.09934884, -1267.12628497
6292.8618027, -1345.45023397
6309.3115525, -1364.27590081
6364.81045871, -1342.0751934
6446.02184204, -1274.83152294
6560.2245138, -1166.01171885
6716.44026051, -1028.98018787
6900.2797326, -885.871667851
7091.62174395, -749.221623242
7290.2425666, -616.038408041
