201
0.0, 0.0
0.0, 0.0
0.0, 0.0
0.0, 0.0
0.0, 0.0
-34.5584878832, 41.2517989332
-50.4481754609, 72.8353045759
-73.1561007515, 109.663963647
-100.754465223, 149.668091916
-141.415591526, 188.134607325
-192.141367589, 224.9570956
-251.571537677, 242.075941454
-315.531261901, 244.346112642
-389.945821557, 233.979179096
-472.38464737, 194.878795484
-551.393533216, 139.646595117
-636.427943836, 55.6100018349
-724.637823654, -33.3170306274
-814.627445509, -144.194746867
-900.081342431, -268.241639213
-976.43448886, -389.60966231
-1023.27381388, -497.015796361
-1050.77038152, -595.102180575
-1062.77361805, -707.747297259
-1052.79069938, -821.172785288
-1028.81659104, -935.094873266
-984.754825395, -1018.71042689
-922.994329509, -1082.94158092
-849.779627501, -1134.57110164
-758.866195249, -1166.81622277
-644.583222227, -1160.86625828
-514.42290322, -1130.4640979
-348.262109505, -1044.30383657
-187.465225085, -911.924223488
1000.27745713, 1033.16891589
938.700489167, 1074.3790726
906.720627055, 1075.51415819
870.033853683, 1056.80371567
829.639539741, 1018.21227359
769.057325023, 918.298334327
690.895135929, 745.96240599
600.037240843, 526.046870157
535.192284351, 334.226298743
465.220930297, 82.5499001439
392.795877135, -210.065225361
331.93144437, -487.080605484
303.105474975, -707.196628273
296.614204234, -890.081464725
326.023164723, -1048.22416308
383.798519436, -1168.34913296
460.449332208, -1264.1283212
563.822512071, -1311.82513121
689.134034118, -1305.26598171
829.713717133, -1263.22608729
986.200046762, -1167.71677549
1146.78410263, -1041.33338655
1308.11305842, -893.963213101
1454.48692528, -745.061597587
1591.19249884, -614.828782378
1727.4724153, -496.588415461
1820.53109208, -383.818372114
1882.82827678, -291.970341225
1920.60849353, -214.261556504
1929.41313103, -163.541951237
1918.62671118, -129.137690646
1902.4532522, -105.549150531
1871.25376144, -82.4279097347
1829.95414949, -61.9500667635
1781.44611415, -47.2201479646
1728.47946753, -45.3401624494
1672.33735171, -48.3506161147
1623.09058725, -82.6253325995
1563.24710165, -133.534636583
1498.85093209, -256.327687469
1435.38936117, -409.172801934
1402.23432459, -582.105573697
1397.090968, -727.014323891
1401.43237677, -830.233276463
1427.78924137, -905.215378916
1470.76835188, -934.758500956
1524.26706987, -921.647926106
1599.81671513, -879.301130447
1692.08884976, -760.49939153
1794.20663481, -618.031998851
1868.94505473, -457.582104531
1913.6730533, -325.08528893
1936.82359472, -264.868576701
1937.28472325, -251.876757718
1936.68170902, -268.866059465
1928.43844352, -275.577882903
1928.43844352, -275.577882903
1927.33882935, -306.558374324
1930.07168242, -398.713306445
1946.305296, -533.373878959
1969.55763426, -611.247679211
2014.83159914, -688.902480118
2073.20379728, -764.020297474
2151.55723844, -811.829692554
2250.4301648, -845.357955766
2364.28130992, -823.382588804
2491.00551817, -748.830760892
2639.99348222, -639.046488026
2804.07225011, -498.778323686
2932.91857304, -336.246403542
3041.27471142, -158.978393803
3132.79577533, -33.1455886234
3184.46076748, 41.0684840764
3201.90502695, 81.4751396102
3195.48314571, 69.6955198671
3185.4894388, 70.0502341153
3177.77824467, 78.3289710417
3168.78390845, 78.6482138651
3152.510206, 71.2207911342
3132.09713508, 59.9377713385
3094.06244756, 3.25124255412
3059.99594218, -82.5943933933
3027.96364961, -167.5116015
3024.84216423, -255.456222307
3033.71312714, -343.826500213
3055.6823233, -429.659794568
3093.06773693, -504.032712003
3134.66346187, -572.551290992
3160.65944143, -629.509249582
3174.0892591, -674.013631358
3166.85153509, -708.778776994
3139.44286933, -719.813496816
3096.44062899, -747.305447013
3031.02657635, -786.009474155
2972.14081923, -809.935769482
2917.96197336, -814.016536688
2897.22348883, -806.27604193
2897.64914592, -794.283593638
2913.91050679, -730.820469362
2975.3502065, -634.939484283
3214.8953352, -398.287564122
3490.48875162, -160.913873871
3592.26416402, -84.475889648
3676.41178902, -25.4235636411
3733.04433399, 19.5959304709
3753.7411763, 38.8739157945
3753.7411763, 38.8739157945
3747.74495216, 39.0867443434
3747.49665218, 32.0911495064
3719.19503001, 24.0900131823
3675.27053263, -29.3855749802
3616.29070282, -112.345683926
3586.86016585, -180.344533134
3575.41830132, -248.98186799
3573.04171586, -315.939704286
3570.94890179, -374.902575055
3588.70161585, -438.572357084
3615.44866613, -502.561381937
3650.04262543, -542.813810179
3685.16865611, -568.075678056
3705.09129788, -598.801698707
3713.19884848, -624.105208805
3700.42602884, -645.665706909
3674.41309025, -673.760671328
3639.58317256, -696.539539468
3596.86470361, -716.036524137
3557.25076102, -732.641811007
3520.27404545, -731.329368289
4476.05178086, -218.909696057
4476.05178086, -218.909696057
4464.12410463, -188.467446804
4457.55416689, -176.226698539
4450.12674416, -159.952996084
4438.77278151, -141.538666549
4425.42007748, -123.053394163
4409.03378996, -105.461078194
4389.33014754, -96.7566841698
4366.34462164, -95.940841399
4319.30942711, -124.290276588
4250.43613388, -175.879708439
4164.90512331, -273.907491395
4114.24567265, -376.174886292
4081.18470876, -490.073844437
4059.90336461, -610.394683825
4056.63999353, -702.336787397
4068.64478341, -758.79814604
4094.45723505, -792.735107313
4137.07546051, -804.25408549
4197.88901617, -782.397474395
4270.51149219, -737.94552308
4354.75936067, -647.877234228
4438.96558693, -530.790465293
4508.85520989, -394.183581858
4568.60924025, -261.219466938
4599.8966329, -197.289043343
4608.53008408, -179.584142304
4601.85990286, -198.359356884
4601.61160288, -205.354951721
4601.61160288, -205.354951721
4590.98558112, -251.006760683
4578.5443459, -319.608624114
4590.51983516, -405.087204221
4604.88425147, -479.643649576
4621.49570913, -547.275442945
4658.69759484, -598.627363062
4717.20550789, -641.729846882
4788.91806846, -679.297235078
