209
0.0, 0.0
0.0, 0.0
9.99999370632, 34.0000018511
9.9999887084, 61.0000018511
3.99998519134, 80.0000007404
3.99998167429, 99.0000007404
-2.0000227683, 122.99999963
-10.0000283216, 152.999998149
-21.0000346152, 186.999996113
-34.0000405387, 218.999993706
-63.0000488686, 263.999988338
-105.000058679, 316.999980564
-157.000064418, 347.999970938
-226.000065899, 355.999958166
-318.000064788, 349.999941136
-426.000057198, 308.999921144
-528.000045352, 244.999902263
-629.000030728, 165.999883567
-729.000012402, 66.9998650561
-831.999988893, -60.00015401
-912.999961868, -206.000169004
-980.999929844, -379.000181591
-1012.99989764, -553.000187515
-1012.99986543, -727.000187515
-990.99983803, -875.000183442
-877.999820445, -970.000162525
-808.999809524, -1029.00014975
-768.999805451, -1051.00014235
-664.999808598, -1034.0001231
-541.999816373, -992.000100329
-405.999834883, -892.000075154
-228.999866907, -719.00004239
867.999787866, 1146.00016067
847.999793975, 1113.00015697
825.999793975, 1113.0001529
805.999795826, 1103.0001492
792.999797862, 1092.00014679
782.999799343, 1084.00014494
769.999800638, 1077.00014253
718.999813966, 1005.00013309
644.999844139, 842.000119395
553.999885603, 618.00010255
463.999935953, 346.00008589
373.999990189, 53.0000692305
316.000047017, -253.999941506
302.000086816, -468.999944097
316.000119395, -644.999941506
367.000147161, -794.999932065
423.000167708, -905.999921699
502.000181406, -979.999907076
594.000190661, -1029.99989005
705.000194179, -1048.9998695
820.000187885, -1014.99984821
945.000175112, -945.999825073
1112.00014679, -792.99979416
1306.00011458, -618.999758249
1480.0000796, -429.99972604
1638.00004554, -245.999696793
1786.00002129, -114.999669397
1885.0000037, -19.9996510711
1955.99999223, 42.0003620716
2007.99998408, 86.0003716972
2043.99997834, 117.000378361
2060.9999739, 141.000381508
2060.99996946, 165.000381508
2047.99996446, 192.000379102
2017.99995983, 217.000373548
1978.99995557, 240.000366329
1939.99995372, 250.00035911
1901.99995372, 250.000352076
1849.99995909, 221.00034245
1786.99996946, 165.000330788
1711.99998963, 56.0003169052
1639.00001129, -60.9996966077
1594.00003387, -182.999704937
1566.00005979, -322.999710121
1547.00007904, -426.999713638
1547.00009403, -507.999713638
1560.00010199, -550.999711231
1593.00010588, -571.999705123
1647.00010681, -576.999695127
1716.00010014, -540.999682354
1803.00008571, -462.99966625
1881.00006627, -357.999651811
1954.00004146, -223.999638299
2013.00001666, -89.9996273772
2050.0000013, -6.99962052824
2070.99999186, 44.0003833591
2070.99999186, 44.0003833591
2070.99999186, 44.0003833591
2070.99999186, 44.0003833591
2062.99999278, 39.0003818782
2063.00000074, -3.99961812183
2052.00001388, -74.999620158
2043.00003684, -198.999621824
2048.00005627, -303.999620898
2058.0000733, -395.999619047
2088.00008552, -461.999613494
2129.00009403, -507.999605905
2187.00010014, -540.999595168
2272.00009885, -533.999579434
2376.00008682, -468.999560183
2503.00006756, -364.999536674
2631.00004461, -240.99951298
2758.00002258, -121.999489471
2865.00000574, -30.9994696651
2958.99999223, 42.0005477351
3038.99997927, 112.000562544
3101.99996668, 180.000574206
3152.99995446, 246.000583646
3181.99994743, 284.000589014
3181.9999441, 302.000589014
3170.9999441, 302.000586978
3156.9999441, 302.000584387
3122.99994576, 293.000578093
3074.99995502, 243.000569208
3014.99997075, 158.000558101
2961.99999093, 49.0005482904
2937.00000352, -18.9994563373
2927.00001647, -88.9994581884
2927.00002647, -142.999458188
2947.00003406, -183.999454486
2979.00004276, -230.999448563
3025.00005146, -277.999440048
3071.00005886, -317.999431533
3096.00006516, -351.999426905
3106.00006923, -373.999425054
3099.00007423, -400.99942635
3047.00007997, -431.999435975
2966.000092, -496.999450969
2881.00010125, -546.999466703
2800.00010866, -586.999481697
2762.00011218, -605.999488731
2750.00011218, -605.999490952
2762.00010977, -592.999488731
2827.00009755, -526.999476699
3601.9999689, 168.00066676
3640.99996446, 192.000673979
3628.99996446, 192.000671758
3614.99996446, 192.000669166
3605.99996613, 183.0006675
3587.99996816, 172.000664168
3562.99997501, 135.000659541
3535.99998464, 83.0006545425
3511.99999556, 24.0006500999
3491.00000666, -35.9993537874
3470.00001944, -104.999357674
3450.00003332, -179.999361377
3461.00004257, -229.99935934
3479.00005294, -285.999356008
3507.00006423, -346.999350825
3540.00006979, -376.999344717
3557.00007367, -397.99934157
3565.00007663, -413.999340089
3559.00008034, -433.9993412
3518.00008941, -482.999348789
3453.00010218, -551.999360821
3382.00011495, -620.999373964
3319.0001231, -664.999385626
3297.00012828, -692.999389698
4164.00005942, -320.999229209
4236.00005664, -305.999215882
4248.00005572, -300.99921366
4248.00005461, -294.99921366
4258.00005313, -286.999211809
4282.00004369, -235.999207367
4317.00002943, -158.999200888
4352.00001684, -90.9991944093
4404.00000074, -3.9991847836
4466.99998204, 97.0008268782
4496.99997057, 159.000832432
4504.99996501, 189.000833913
4498.99996353, 197.000832802
4482.99996168, 207.00082984
4449.9999602, 215.000823732
4405.9999602, 215.000815587
4357.99996187, 206.000806702
4306.99996631, 182.000797261
4254.99997223, 150.000787636
4204.99998223, 96.0007783798
4157.99999297, 38.0007696798
4114.00000814, -43.9992384649
4074.00002592, -139.999245869
4039.00004702, -253.999252348
4028.00006349, -342.999254384
4033.00007682, -414.999253458
4059.00008645, -466.999248646
4091.00009274, -500.999242722
4150.00009681, -522.999231801
4225.00009589, -517.999217918
4322.00008941, -482.999199962
4419.00007923, -427.999182007
4514.00006553, -353.999164421
4588.00005183, -279.999150723
4649.0000398, -214.999139432
4682.00002888, -155.999133323
4693.00002888, -155.999131287
4688.00002758, -148.999132213
4688.00002758, -148.999132213
4688.00002758, -148.999132213
4683.00002869, -154.999133138
4683.00002869, -154.999133138
4691.00003424, -184.999131657
4706.00004146, -223.999128881
4727.00005053, -272.999124993
4753.00005905, -318.999120181
4796.00006664, -359.999112221
4850.00007386, -398.999102225
4929.00007756, -418.999087602
