206
0.0, 0.0
-50.3635015062, -73.3792730683
-67.4102257993, -86.0050083291
-67.4102257993, -86.0050083291
-55.4788399215, -100.926202351
-11.9592325759, -107.410319598
51.5743450183, -101.710800488
178.117079313, -59.9024712086
338.795744317, 14.2282687894
520.96204258, 110.433464996
744.440095927, 232.836731587
968.949713382, 362.163572074
1194.34352864, 497.424904472
1401.68161769, 640.431606516
1596.75110614, 789.310398415
1777.57383001, 944.35601277
1936.04728501, 1098.68735781
2080.23149331, 1252.11458511
2181.59044365, 1409.90039938
2239.55459076, 1547.86473408
2270.22405906, 1685.85163098
2247.52294003, 1791.34883092
2198.38877782, 1875.50840615
2130.58686201, 1936.16234429
2074.50656371, 1994.05880483
2017.75183597, 2033.85705704
1965.01583822, 2059.91304563
1915.81398944, 2062.18858446
1878.311196, 2034.41196688
1847.89926268, 1986.36912858
1815.54900527, 1898.17354567
1778.10332937, 1762.20729487
1740.04562608, 1594.99003733
1702.05032484, 1414.61998137
1655.69762657, 1184.94319247
1598.69471475, 924.499977841
1532.97727123, 625.924664699
1461.95728313, 339.260817502
1382.22540559, 61.983289196
1292.51774395, -227.962456493
1182.58634371, -517.928122116
1066.53324538, -767.551194706
947.682829592, -988.448407605
833.083474344, -1207.95692174
732.566239689, -1366.8791843
648.12920953, -1485.73366649
581.858074272, -1523.37854173
527.396163034, -1502.12059676
474.725209597, -1441.69898917
432.245093123, -1285.7360458
428.466620436, -1114.30756758
1145.73256922, 150.804110774
1315.2904099, 196.313875259
1341.9956235, 192.33498513
1368.13129183, 164.176028455
1398.53794063, 117.18203194
1432.60618478, 67.6204062499
1473.85025329, 11.9344402257
1520.5442327, -54.6739097572
1575.46552052, -140.706764785
1637.81488319, -237.956736373
1703.15141176, -355.87254547
1770.12888957, -483.132191336
1836.07480327, -617.315411099
1908.48227204, -735.273702318
1991.41250798, -843.678388411
2084.27604589, -946.485797318
2187.70483311, -1032.6686609
2299.36357099, -1090.75761212
2413.8222686, -1130.05400562
2533.73351934, -1132.75436567
2652.95306296, -1085.81077804
2772.09028459, -1005.4906534
3672.04817064, 725.788007979
3703.9536869, 763.497927526
3692.58920403, 755.080770686
3700.71162827, 741.738123853
3705.75928012, 687.401016728
3710.93173608, 606.758312784
3705.53630049, 461.972646108
3692.85751409, 281.87476057
3674.81113879, 79.3227219763
3652.51370295, -124.618015384
3626.07009075, -336.029309722
3594.09160341, -550.660100495
3584.88720618, -693.867219982
3584.23005441, -779.70758433
3594.41296461, -826.72150078
3601.44142268, -833.834923099
3607.92553993, -790.315315753
3619.42011141, -713.166920913
3625.11027961, -566.403090267
3637.53681553, -381.212428502
3648.70209906, -170.557885603
3662.91959278, 53.7964387863
3695.63491162, 273.372639485
3743.54095264, 432.04529382
3797.71605804, 551.364437107
3850.92200139, 650.60720809
3905.8936981, 714.200545486
3963.55782809, 755.149881402
4027.51358465, 784.040385073
4090.01559814, 782.816330289
4153.67397985, 762.210252581
4210.06893068, 686.068217405
4257.91663605, 552.559427092
4277.26817002, 383.865864283
4277.42488723, 174.557538028
4262.32583796, -8.2128608638
4215.955862, -170.147493756
4146.24753519, -332.649029665
4060.18947572, -462.383413698
3965.20975845, -570.567762414
3867.91730474, -639.988065287
3789.420051, -664.689910472
3735.2727923, -661.67754014
3701.64664706, -609.148668494
3715.49907936, -516.174961892
3790.29754015, -400.939592913
3916.04632539, -255.887040333
4084.26323394, -104.018440289
4276.55532485, 53.3624726939
4483.87349397, 216.592913344
4648.51377142, 385.171022955
4779.83991391, 540.514012167
4887.63785712, 687.230076181
4972.4346642, 842.428341347
5025.76805391, 962.883932921
5058.60289235, 1061.11770198
5070.34707206, 1085.65490319
5067.39974604, 1065.87326349
5046.0369169, 1017.49321046
4997.79630341, 897.289869366
4926.69663557, 691.520976592
4839.97878207, 428.427810802
4739.97804155, 96.5410049563
4637.40967185, -239.007396227
4532.86313818, -574.261064809
4438.35479066, -909.999314416
4370.45469932, -1101.07934372
4318.06790947, -1228.75324179
4277.95236247, -1314.7808123
4254.71889579, -1321.42957353
4227.15468883, -1248.5720791
4196.37362769, -1122.66129213
4181.63293117, -916.235247589
4200.37894036, -620.771904449
4963.94697249, 1477.61410873
5136.56759239, 1726.89732434
5213.93368235, 1845.79428866
5272.60945652, 1913.89093708
5327.26385844, 1948.2114317
5382.46524343, 1979.41731407
5443.17894137, 1986.54801407
5499.55661453, 1978.1481349
5549.80994734, 1962.57243137
5594.99042387, 1926.52073874
5622.42982672, 1879.96884113
5639.26149814, 1809.721458
5630.56424413, 1703.84720347
5600.23199055, 1574.90941074
5553.02029891, 1414.11122614
5489.72840278, 1213.24526117
5424.43578049, 985.379349995
5362.69986935, 761.02766786
5296.35047851, 451.425086581
5241.38284821, 82.4975061273
5183.90999079, -303.244468073
5143.77594801, -721.90096045
5100.5472129, -1161.32817452
5079.92263941, -1557.61547808
5073.42002638, -1933.76400729
5071.10607184, -2295.37103932
5076.63037795, -2482.22521252
5070.28570024, -2667.31099011
5056.58063424, -2759.29561472
5032.2306392, -2787.00983024
5001.80142821, -2767.31051253
4951.06879888, -2666.73616033
4882.13571928, -2511.88710306
4807.58808483, -2279.3625878
4741.88242843, -1987.49315343
4683.90222175, -1657.34425424
4633.79483108, -1287.92680825
4714.24869866, -137.219558258
4786.14231555, -34.6948887847
4823.64510899, -6.91827121097
4886.61178357, 22.1195987614
4937.43466166, 30.7239617707
4979.96518702, 24.3872108244
5040.34167024, 22.4688066556
5105.66356338, 19.8135709815
5171.9745385, 17.0109690062
5236.26486754, 7.43215943624
5293.14704165, -11.1532721787
5317.02973334, -61.2193988279
5318.58307608, -132.2235334
5245.02594776, -252.699044907
5120.28616444, -418.122702394
4961.70518301, -613.890606629
4793.6555607, -784.993863292
4724.18220668, -884.846019413
4716.66652533, -935.289200654
4828.85496862, -928.750608115
5040.92605698, -821.835438561
5322.70018765, -647.455567916
