239
0.0, 0.0
84.5607792673, -31.8978778246
39.1420844141, -14.1738219164
23.0928576467, -41.4212496879
26.9710692552, -94.2791674933
32.1664093346, -165.088830968
37.8007922376, -241.882409667
43.8010441602, -323.662584385
66.3437937762, -412.25053187
100.862542189, -541.07000248
140.275767115, -695.600250978
190.860078994, -879.391511357
247.894462971, -1082.76328679
280.022980903, -1302.00004999
292.316179964, -1469.54967624
292.787896186, -1639.97202654
279.443491162, -1813.41344851
253.418463354, -1950.68579798
219.580175224, -2063.46421017
165.795503017, -2177.70609844
99.6500172914, -2273.80383368
24.6478922884, -2358.5191289
-79.3307177296, -2417.28517913
-182.366236646, -2447.90677023
-283.095476237, -2455.29732443
-378.645712448, -2451.27832456
-476.903379405, -2410.35851415
-555.973514375, -2343.96639296
-623.376682464, -2231.59730054
-660.713926829, -2119.0276324
-667.299569183, -2029.26890406
-648.851943585, -1952.71379247
-606.707124208, -1898.48451809
-534.130512086, -1849.04126402
-439.658937233, -1811.02650972
-307.61981925, -1820.38980628
-140.327605814, -1859.25258183
51.00055637, -1911.39214795
226.344497241, -1950.66685228
401.954019277, -1979.89519076
574.151486579, -1976.28516932
712.312699043, -1946.09445269
828.13990595, -1898.49132107
927.370387062, -1816.00913136
996.33436874, -1703.66159365
1043.74214265, -1570.83650952
1058.81560492, -1407.29510579
1044.54671315, -1212.81786103
1019.61895106, -996.060838824
972.969687894, -783.905597913
902.951208565, -608.55904804
816.590807253, -456.470649123
691.516586998, -364.375918396
550.639775439, -316.55621571
397.92253534, -298.683203192
213.445596674, -326.255999578
36.6355707221, -376.328094829
-135.087571355, -441.067282923
-301.357960538, -525.460159879
-452.449040252, -611.747387387
-551.945102528, -704.275942934
-625.144996484, -799.888575597
1092.71402184, -1841.97993107
1062.66704382, -1815.10654067
1051.69653258, -1815.91145251
1052.50144442, -1826.88196375
1053.67222528, -1842.83907102
1067.10353181, -1861.90736945
1083.96583877, -1886.74006169
1104.33231997, -1918.33446695
1138.95396524, -1952.89371576
1183.42956899, -1998.76223079
1230.55837539, -2053.46027105
1288.291824, -2102.36680344
1351.35062361, -2141.85842017
1431.84895226, -2173.05167401
1527.69188368, -2181.0599507
1632.23693843, -2157.34642022
1726.26947046, -2113.34775069
1818.47265739, -2044.41610107
1905.03068407, -1966.87444763
1970.27913845, -1885.88284806
2024.04486495, -1798.7149259
2047.45197252, -1707.75830264
2053.5387846, -1613.05903802
2047.17266366, -1526.29226729
2036.60591284, -1477.93584292
2026.87118791, -1454.58557246
2017.89531508, -1455.2441367
2019.35879116, -1475.19052077
2022.0662219, -1512.09133132
2019.89551283, -1605.50058151
2033.87431839, -1686.6953658
2058.31141855, -1760.10400382
2084.74315713, -1833.36629422
2113.99339166, -1890.37878215
2162.38509842, -1934.95728276
2222.0860714, -1969.68182489
2294.35921095, -1984.43286889
2396.67116018, -1984.94769452
2518.75603182, -1967.968763
2641.95745623, -1938.87565343
2762.50567799, -1900.95301864
2862.74164666, -1859.5072639
2948.72245125, -1815.0966656
3025.4346878, -1767.35535472
3074.00246522, -1718.67095275
3103.18213495, -1665.39293782
3110.12808698, -1609.73546976
3094.81320725, -1537.66290592
3065.75538008, -1469.60673294
3020.01687596, -1433.85775756
2966.69280128, -1417.71641129
2909.43367789, -1429.93904555
2853.93072579, -1466.0973407
2802.51733836, -1516.9959025
2775.13989968, -1581.17125486
2762.01762507, -1648.31145079
2767.35931276, -1721.11575267
2796.8290687, -1781.12019821
2841.67054147, -1831.97530926
2904.65616727, -1870.46960679
3000.37986514, -1890.51888773
3118.23699286, -1897.91465993
3215.34282465, -1895.80339697
3314.70887602, -1883.49942055
3419.47345218, -1862.77784769
3515.30821526, -1829.6765156
3604.83925385, -1778.98930686
3681.59755014, -1718.20967253
3742.37162513, -1644.5651764
3789.97997475, -1541.806016
3824.23019165, -1420.97587638
3838.59902993, -1261.49692326
3840.04877831, -1089.93090615
3826.87749361, -910.41344945
3797.9957371, -749.094373885
3768.51781281, -647.980319572
3740.96952147, -586.832207219
3719.53254726, -554.313656562
3705.83565957, -545.291723974
3694.38004575, -553.151044048
3684.97329845, -588.935301831
3681.36622735, -676.433810608
3681.24438479, -797.767998512
3697.32628496, -934.959005823
3721.75260777, -1076.55121872
3745.08132353, -1203.18364356
3769.52659205, -1317.70189035
3796.45160155, -1425.0193813
3826.82655719, -1511.02729994
3865.22612621, -1583.4115047
3903.04030481, -1647.81715583
3940.12274536, -1702.24961492
3987.73665433, -1749.89324695
4038.46175447, -1785.27635331
4105.04367402, -1804.45571695
4179.79655455, -1812.00600511
4241.19130237, -1801.48531404
4289.66696029, -1778.87755897
4330.42964574, -1746.80882849
4362.48203952, -1705.3522964
4381.83486482, -1654.80065792
4393.69423906, -1597.78000164
4393.99771163, -1533.58570357
4382.77239657, -1476.25340637
4364.7853685, -1422.42528342
4337.0257241, -1399.39482222
4310.72955578, -1396.3107451
4286.30879231, -1405.12132463
4261.72273554, -1439.01123186
4236.020126, -1485.01531715
4228.85465256, -1537.68082759
4232.95238558, -1593.53070301
4254.78234286, -1645.07149234
4292.90816237, -1686.39245417
4347.54936552, -1720.48554612
4412.35616807, -1742.80321497
4496.15809524, -1750.6922581
4576.38267438, -1750.82226901
4655.75628191, -1753.02009213
4719.99663974, -1740.28524124
4777.52134429, -1718.01624114
4831.3223532, -1685.99357041
4892.3701777, -1643.41231721
4947.91918955, -1594.21569861
5000.32989618, -1543.243963
5045.90571599, -1494.77908244
5067.74645062, -1478.13629689
5072.73304664, -1477.77042787
5073.97700131, -1494.72485433
5063.49976099, -1529.58496672
5053.04963473, -1578.48072176
5064.10148813, -1619.78273789
5073.93650091, -1658.16597021
5086.54394989, -1693.33772351
5099.53621359, -1706.42210672
5111.50404403, -1705.54402107
5121.15742681, -1686.78736356
5128.68876926, -1639.10844914
5138.96543387, -1574.18241303
5133.47739858, -1499.38347274
5112.44418479, -1417.70358587
5115.20028429, -1332.27288931
5120.8751676, -1245.62535213
5134.8294681, -1203.4913101
5156.37750752, -1182.85924774
5186.29708363, -1180.66403362
5256.10942791, -1175.54186735
5350.85475227, -1168.59035597
5462.99354593, -1166.37880516
5573.69597756, -1158.25651292
5680.40913238, -1150.4269159
3511.31825576, -1091.99089135
3458.487452, -1109.90474562
3424.89023999, -1089.30796565
3403.745961, -1060.77869181
3401.9897897, -1036.84303092
3411.76240603, -1006.04536916
3422.23964635, -971.185256774
3421.21521309, -957.22278792
3420.48347505, -947.249595881
3426.95249285, -939.756144826
3434.93104648, -939.170754395
3477.81577225, -936.024280827
3541.45179394, -942.384842421
3632.16178174, -948.764349718
3758.77526088, -952.509600072
3908.95853189, -949.512083113
4079.93915857, -942.983277863
4228.53971995, -932.080381077
4361.8417383, -931.324137989
4471.28126956, -933.321385399
2032.66167174, -358.222735488
2032.88936151, -402.32430187
1978.39450596, -370.225848335
1964.42386876, -330.140672819
1964.42386876, -330.140672819
1974.3970608, -329.40893478
