238
0.0, 0.0
-20.2818506139, 91.2066145391
-40.4822128915, 99.805763558
-39.7500118082, 93.8506076765
-39.1398442388, 88.8879777752
-39.1398442388, 88.8879777752
-35.9669728777, 63.0823022885
-23.7881077879, 13.1956783786
4.72679130329, -54.832995942
46.5676307168, -157.494303927
103.996045179, -280.404747797
165.117980796, -416.966488363
222.782432847, -607.352441021
273.743270064, -800.577680238
314.290713423, -991.053150672
343.554270457, -1179.89341182
363.689800248, -1343.66019856
359.044696271, -1494.35334044
342.017404345, -1634.47853921
311.891981255, -1750.01839763
261.842778654, -1842.81967628
199.671713, -1918.97582242
126.997735712, -1975.26519109
46.4323241895, -2008.3441038
-43.1553389307, -2025.40430945
-141.366637368, -2013.29890325
-226.365999559, -1969.34314792
-297.803582829, -1904.57686273
-362.716586816, -1802.73727361
-403.776451539, -1681.84439743
-425.335639329, -1547.47103169
-424.091016881, -1483.84359331
-404.663599855, -1445.18385369
-363.06702646, -1422.94143741
-305.500519605, -1415.8634936
-210.405090491, -1435.40471571
-83.5813457465, -1467.16534809
65.5335888806, -1516.3358298
209.929960635, -1568.10153103
357.840817992, -1599.28451158
510.990888017, -1615.71789381
637.757630724, -1614.23703478
746.097511824, -1585.80342503
839.093884904, -1539.10573136
926.183875709, -1468.95351471
1008.97017779, -1380.18737146
1054.56114241, -1283.90412294
1078.13749992, -1156.07159435
1084.43407106, -986.032324791
1066.22659119, -788.779979616
1028.55095013, -588.883641304
978.078246964, -399.628506009
899.676524973, -220.860024478
790.482210285, -119.427280062
657.784599005, -48.0876419879
507.43307137, 2.945858164
352.436240767, 26.2048887378
194.291025103, 25.9036206825
44.4196020839, 7.47656008545
-75.6760415274, -7.28949509493
-172.504227145, -47.4056074448
-267.501910054, -102.409609499
-331.641769799, -170.747581314
-373.002305606, -260.465506378
975.679912778, -1404.43109756
998.320945333, -1432.88076619
994.781973431, -1404.09751276
995.514174514, -1410.05266864
1004.13780983, -1439.21828048
1019.93693617, -1477.57695104
1045.2789639, -1519.79994987
1076.05549772, -1573.44512641
1129.67638695, -1616.22129078
1197.57499832, -1652.20432253
1261.62553928, -1689.66801433
1331.03732642, -1713.37463378
1409.27607174, -1726.92818427
1489.49986902, -1740.23766773
1573.84831947, -1737.92706041
1663.17565769, -1726.94404416
1740.25909935, -1698.32336942
1810.16704999, -1660.50963597
1886.91690684, -1612.78690058
1959.85120903, -1550.42034251
2021.15178221, -1475.37875586
2073.29181242, -1391.38817752
2088.35853869, -1300.8730199
2092.01934511, -1207.73012701
2088.36636913, -1112.46389077
2080.55622425, -1048.94222803
2069.3373694, -1015.05805332
2059.44462533, -1000.15390575
2052.49694347, -1001.00814035
2047.53431357, -1001.61830792
2052.53768764, -1042.31187311
2052.16355766, -1104.82475199
2062.1703058, -1186.21188238
2092.65399898, -1262.05873102
2128.97081453, -1336.18085261
2170.49432701, -1411.67785859
2221.48748097, -1465.85994279
2278.8344071, -1506.16292114
2340.3059864, -1530.8458087
2416.82000465, -1538.56623683
2504.02399953, -1534.89700298
2603.17082192, -1513.63888425
2699.37258209, -1476.62238336
2790.2618697, -1429.17623074
2864.41650702, -1376.73493247
2927.79164995, -1318.56628749
2964.75094981, -1258.60788396
2972.42260433, -1206.28058978
2959.51153816, -1150.43880999
2916.21452501, -1093.29540571
2860.62484168, -1042.70106701
2799.2752959, -1019.01070543
2746.82596819, -1010.34652494
2701.1697731, -1015.96006658
2666.7649486, -1039.33330021
2638.42105562, -1071.02910011
2619.83161532, -1124.69876295
2628.25192778, -1193.18305558
2643.0992723, -1272.96749242
2694.54804459, -1347.24416325
2758.06167788, -1404.92447519
2828.4172174, -1452.6957852
2917.17513222, -1478.05387181
3012.01023644, -1503.67228331
3106.63378936, -1511.18116015
3197.80788817, -1507.02379224
3277.20996659, -1497.26111113
3351.0555054, -1475.08372633
3419.58857165, -1442.47668981
3488.15415363, -1393.74517057
3541.62029462, -1328.73461937
3585.55979209, -1251.79749853
3615.82350656, -1129.18792474
3632.86705636, -981.000484615
3641.75884702, -815.67977793
3625.53641912, -618.183365728
3605.03478878, -451.439001045
3578.04109491, -305.643457591
3548.98105972, -200.403187946
3526.52709216, -140.697079878
3507.73413001, -110.766751218
3493.83876628, -112.475220412
3481.79016314, -121.009337955
3475.21681025, -182.269365965
3466.95947446, -279.000004367
3457.1889629, -388.007055074
3472.93128619, -516.042906527
3485.41944878, -658.584289274
3499.24998002, -812.043457803
3542.76677289, -944.724612224
3588.91130102, -1065.9998468
3642.50790295, -1182.32870935
3711.28523521, -1274.62539709
3790.14237653, -1350.56979295
3861.49044202, -1398.21906944
3930.51987075, -1427.01035231
3996.97033782, -1443.02083095
4050.79454992, -1446.47831452
4095.10837636, -1429.94698709
4149.50201185, -1397.0633678
4188.03148953, -1358.07004338
4215.53740578, -1311.36432027
4229.28624969, -1259.29735098
4220.01170264, -1183.86537648
4198.23293412, -1096.87293289
4158.48292231, -1003.02232521
4116.80486058, -942.657275965
4075.3058344, -916.526244105
4045.42427934, -911.132482185
4021.08300602, -926.21566531
4003.51860744, -963.638811924
3993.86190097, -1016.21017314
4008.72550336, -1087.93236861
4038.47699546, -1157.82406138
4094.15619656, -1225.53540877
4165.64255344, -1266.11496988
4247.20871937, -1290.34223913
4340.96177983, -1298.96567546
4438.33510154, -1296.06115843
4542.55032947, -1283.24763947
4650.73566132, -1269.94598646
4737.48403788, -1246.18216598
4809.48281612, -1217.17913283
4864.12051865, -1186.2805655
4897.91517558, -1157.94470196
4917.81446879, -1131.31730762
4917.20430123, -1126.35467772
4917.20430123, -1126.35467772
4903.76455582, -1148.15773354
4888.4455341, -1179.25962373
4874.36310538, -1212.22453237
4877.04784269, -1234.06010394
4879.00037891, -1249.94051962
4879.85461351, -1256.88820148
4886.69651972, -1246.97919955
4893.31061678, -1227.0229043
4896.38574194, -1178.28335562
4912.79483686, -1098.68598378
4925.89276903, -1000.35265183
4935.54124708, -890.353075144
4972.47606064, -781.028697502
5019.14906902, -701.740424166
5075.9588885, -639.341350363
5150.70743552, -599.924923358
5237.33377857, -575.168576898
5338.57142856, -562.721158482
5463.62970207, -547.344935732
5603.57586529, -530.138210274
5699.85088537, -518.300959427
2610.7676246, -452.78296162
2610.7676246, -452.78296162
2515.25732134, -454.450885636
2469.61738412, -452.002185919
2452.22379266, -466.231134446
2457.18642256, -465.620966877
2468.10420834, -464.278598224
2484.3344667, -473.365881299
2545.57823684, -488.001475545
2635.72729392, -500.090623869
2744.73434463, -509.861135429
2882.40261525, -515.100149106
3021.06341185, -520.21712927
3154.53376939, -515.896983686
3300.43508849, -497.958057144
3457.25419337, -478.67676195
3615.83054105, -449.104106412
3750.09813115, -418.490151285
1838.04450935, 46.651705928
1885.70201427, 60.5715559505
1892.81227482, 142.048204108
1892.81227482, 142.048204108
1892.81227482, 142.048204108
1892.81227482, 142.048204108
1892.81227482, 142.048204108
