257
0.0, 0.0
10.2492617505, 92.8275424299
-23.0337672446, 153.360508497
-57.2540608086, 204.721695286
-87.4409744466, 264.611178879
-135.854879848, 325.382008755
-196.42011309, 386.74040282
-297.188388135, 413.174372339
-409.940236165, 413.030268592
-531.108544427, 398.809119801
-639.435584531, 343.806825464
-745.202885403, 249.837266211
-850.569297831, 126.715703794
-956.350789368, -18.6055818049
-1035.26988599, -204.069260698
-1096.02736958, -415.593557619
-1142.71253835, -652.651556887
-1149.02691045, -881.950769064
-1117.95003447, -1103.84089453
-1066.17934317, -1279.00023776
-988.986786094, -1421.97684121
-881.233963892, -1542.23626623
-756.699409288, -1608.16914657
-597.804343217, -1640.87018598
-441.240613013, -1653.70756829
-292.263184822, -1636.22254929
-170.33009707, -1602.78122588
-64.0500711835, -1556.07409476
17.2326284812, -1485.11549602
61.8329412552, -1393.29059689
82.4850289473, -1286.15287583
90.5195216239, -1174.45485916
76.6480732135, -1056.26609946
47.0629144304, -932.873561682
-1.80306747796, -816.778274042
-46.9901000623, -706.29238315
-77.1210954146, -655.458112042
-89.0345594479, -639.739671448
-89.0345594479, -639.739671448
-89.733960208, -633.78057432
-89.733960208, -633.78057432
-89.733960208, -633.78057432
-61.5144913913, -625.434223039
-23.069411934, -609.846539904
32.6094764316, -595.256769845
94.3640287183, -580.960781881
167.859559959, -572.334839172
247.141703249, -552.961100364
330.569063036, -543.169489721
400.679427047, -522.858486343
462.960895015, -504.473200167
497.549809847, -490.34496706
516.597499386, -481.061351211
524.542962222, -480.128816864
524.542962222, -480.128816864
524.542962222, -480.128816864
525.358929776, -487.081096846
521.031767755, -501.685057571
518.975293094, -544.214705018
510.838424291, -603.567812485
504.622542466, -687.867058112
495.720894172, -766.440340197
497.161423312, -838.765473282
504.271997708, -899.349627413
516.348486376, -959.350947577
532.868703858, -1005.74148987
550.326185909, -1042.96025289
571.173565412, -1074.74683446
598.446309216, -1109.80674668
635.184614392, -1139.72825956
693.306675196, -1163.11257156
761.836292164, -1155.06946282
851.81504349, -1115.30988146
1633.40518098, -551.357882637
1633.40518098, -551.357882637
1589.47673201, -537.383213721
1543.95807556, -569.91092367
1528.98076334, -648.190423661
1533.15824702, -752.413974887
1538.851099, -869.548903223
1555.63671725, -1012.56723429
1594.26762807, -1170.13833801
1648.27673955, -1278.58194491
1715.6217677, -1329.07597608
1782.62655591, -1342.35597446
1861.62437755, -1294.82341534
1944.60912127, -1195.4728627
2028.5965083, -1061.77125904
2094.94446774, -915.036981259
2150.71711617, -772.564486765
2191.23286095, -663.095429838
2209.25037024, -576.404199836
2218.02126108, -548.189461242
2218.02126108, -548.189461242
2211.88021842, -573.074950893
2204.96966606, -634.297857276
2193.49408787, -725.25560079
2190.19237588, -834.384417781
2193.48378305, -973.952202886
2235.21553945, -1115.04954697
2282.26291051, -1258.54360565
2336.85958618, -1354.83588471
2402.8058128, -1393.41172162
2475.36407948, -1393.95755819
2563.12806173, -1335.32750259
3344.29450404, -613.347593316
3344.07556112, -560.009501262
3271.0557575, -538.373691159
3206.08852306, -551.033013794
3154.61076948, -584.260124504
3112.41663175, -636.534924752
3070.04054849, -712.995813891
3028.53635107, -805.464195496
3013.782712, -919.964545426
3014.9199986, -1032.59982666
3042.06198495, -1118.01828238
3090.06554146, -1183.87159332
3149.18078512, -1207.13933853
3212.74448781, -1199.67906376
3276.78391813, -1161.95703617
3344.51648843, -1078.49267899
3412.4404647, -936.607748681
3481.66086636, -754.296103431
3552.81171545, -562.69611211
3610.88343257, -345.445851648
3661.01441707, -112.010883418
3673.0500225, 102.856853114
3652.14756909, 358.160765033
3616.16069711, 570.412844047
3590.03554473, 741.534077133
3572.71355036, 846.228625755
3567.93431184, 886.949122794
3567.93431184, 886.949122794
3572.1307164, 851.194540028
3569.58905367, 744.168655539
3567.67668276, 588.887160062
3553.54760527, 409.013957029
3541.16702969, 214.243011177
3528.95893918, 9.42366998523
3539.12778716, -188.741903541
3555.95513302, -392.167173434
3580.08445925, -597.756024337
3633.42170693, -811.999199282
3692.43373008, -997.384153157
3760.15599556, -1162.61639807
3824.85698486, -1267.79140453
3895.17683134, -1335.05297744
3987.52864616, -1375.563992
4093.38413249, -1385.29106829
4212.04861981, -1341.15786707
4531.22589594, -826.443512886
4524.12951221, -714.507632409
4487.57315255, -660.400030643
4470.53547984, -583.864302331
4471.35144739, -590.816582313
4481.97321625, -629.844495737
4483.24126031, -692.121233483
4483.32944577, -795.817869028
4493.40064784, -924.521291239
4510.41939968, -1069.52598801
4526.38905037, -1205.59203909
4543.89299026, -1286.10049882
4556.09077594, -1329.97775973
4556.09077594, -1329.97775973
4556.09077594, -1329.97775973
4586.84244704, -1248.84000819
4615.20686398, -1138.78338707
4656.31017295, -1017.1630023
4710.61864113, -887.951585298
4779.00888457, -750.039386411
4858.20757262, -609.851769943
4943.3653578, -468.964752714
5037.33576143, -360.26993572
5125.45417429, -287.502186572
5207.3149777, -238.626744219
5981.06422556, -354.221300423
5927.21813872, -290.060573095
5884.22695432, -266.914124901
5841.81860389, -248.73359098
5855.53175788, -305.522228993
5856.31934411, -415.177961666
5847.28220813, -561.227029357
5845.19735214, -706.460129494
5846.21334172, -835.219469991
5881.58511256, -947.864211671
5934.20015274, -1027.2723822
5993.72101506, -1062.57488846
6070.60171353, -1065.63400642
6152.93351434, -1003.61405337
6257.24609541, -888.671087373
6335.7453827, -742.524373777
6398.5868779, -600.229094584
6449.33296355, -466.401463687
6476.11663344, -368.612737206
6487.23778103, -291.792687243
6478.47635064, -285.772941608
6457.72661705, -323.448511353
6428.20599261, -389.338819693
6399.25401148, -511.546768652
6372.75466323, -637.494315442
6374.87567225, -784.247514115
6393.64292598, -944.149953706
6450.21177669, -1091.56082552
6523.86087212, -1161.45224661
6609.55891927, -1179.58632269
6711.45113463, -1155.54518193
7360.35565805, -636.365136576
7360.35565805, -636.365136576
7360.35565805, -636.365136576
7333.48853291, -613.339985397
7321.28128678, -603.697208723
7312.52458661, -580.560220973
7327.66492346, -546.563600551
7355.37166726, -490.954821138
7403.17993197, -417.88382945
7453.79526015, -334.414742044
7508.84958693, -254.452118882
7562.43500324, -204.867815326
7614.379024, -175.613436035
7651.1220594, -188.417706795
7677.16375654, -238.725062222
7697.06441103, -313.9179073
7701.53094657, -429.18303672
7697.22659128, -572.662904735
7687.19154223, -735.945781334
7674.17221439, -916.695600428
7661.8105597, -1042.99757782
7655.18432898, -1132.37930451
7653.47282448, -1195.00574264
7656.03729393, -1216.85576544
7655.33789317, -1210.89666831
7650.79178823, -1172.16253698
7660.6913496, -1076.35544599
7689.12114528, -941.119553128
7728.89576168, -765.284460243
7773.62683191, -623.101017621
7821.91555446, -502.651031007
7875.68764651, -411.763396445
7928.75087736, -349.151148985
7983.03569442, -305.525942556
8026.50733666, -281.293395824
8066.23465084, -276.630724089
8105.19718554, -291.188226972
8128.08684904, -331.796887439
8142.78845567, -405.586200775
8154.09543462, -501.924937672
8149.39019089, -616.252802523
8152.22006111, -734.730614093
8166.90747707, -859.871653774
8200.81506765, -985.777472944
8247.63403534, -1110.1679238
8316.30302584, -1231.9939052
8394.50768665, -1306.38497339
8480.02378828, -1348.70513836
8584.72779734, -1297.14865976
8711.3007501, -1174.55874325
8852.49185424, -1004.94426241
