492
0.0, 0.0
75.9590937239, 2.49320689929
41.452508237, 17.3692130178
29.9007378653, 33.9992040364
29.4742682641, 46.9922069102
40.614870176, 73.3718769051
45.4634533454, 108.549870612
49.4437961709, 139.697211927
59.3881041997, 172.040847125
69.2668015206, 206.383405842
76.2783349786, 236.62970146
81.1925288558, 269.808771648
79.7490932825, 313.785089067
71.079787915, 364.528001325
54.4803991792, 413.009547233
30.9831941885, 458.263070384
0.588172942923, 500.288570779
-34.6729356845, 538.152197367
-74.8329370477, 572.853411906
-116.762224452, 600.492783421
-159.559752201, 624.101502544
-209.255096204, 644.48219891
-263.849332944, 661.700483229
-322.310195305, 674.789699093
-380.672641605, 684.880529679
-438.903866489, 690.973513227
-495.873186782, 689.103608053
-547.845198277, 687.397729648
-600.5542287, 677.663351813
-656.99866333, 659.802058486
-715.850986868, 623.852037426
-792.365568538, 577.3169024
-867.519829554, 519.820493372
-937.611171066, 460.489187596
-999.542791731, 396.423015853
-1056.82045828, 312.498830336
-1112.70499882, 216.613909058
-1169.42497435, 115.698873629
-1223.94919424, 8.85267835055
-1275.88399424, -115.918217892
-1318.49558487, -250.388483543
-1346.21366516, -381.368283608
-1363.9043225, -513.019491892
-1369.56863338, -645.276497689
-1364.7790517, -791.19791458
-1360.1534968, -932.122022673
-1332.67154284, -1068.29376059
-1298.96318085, -1211.26489869
-1256.09563625, -1358.93809741
-1206.69113429, -1492.38919402
-1151.61791531, -1615.64884091
-1092.51404394, -1739.77672815
-1033.31175651, -1866.90300066
-971.865606936, -1970.94323664
-905.979839586, -2057.82859594
-834.654992695, -2127.5262732
-759.561936244, -2190.09649673
-680.60225417, -2248.53765181
-602.069041697, -2293.98580402
-535.660591755, -2335.82977343
-478.34571371, -2374.97060575
-426.290587294, -2406.27977076
-375.562976178, -2427.62712354
-324.098346133, -2440.94597688
-270.127411118, -2439.17448776
-207.325347038, -2432.11044167
-137.85510418, -2414.8221405
-63.6499953564, -2389.37411849
-1.43842764698, -2364.31976072
52.8102513403, -2340.52730754
97.0643127323, -2317.06290791
141.318374124, -2293.59850827
181.377756354, -2264.26855949
218.274726536, -2230.03971798
258.579047386, -2177.68934338
297.42463152, -2111.3793095
334.97550571, -2036.10692513
357.960923108, -1974.31962395
372.082406086, -1916.825418
381.304996328, -1862.49362409
379.566312569, -1809.52215084
377.729212749, -1753.5522923
375.728086158, -1692.58512497
373.628543506, -1628.61957236
362.910005053, -1545.92668915
347.784654173, -1481.38814438
320.059964667, -1429.26961033
284.109943607, -1370.41728679
245.391174746, -1318.65961163
206.8036273, -1270.89978351
170.247808728, -1224.07380644
135.756524383, -1179.18114219
103.165747494, -1131.22448194
73.5405505307, -1082.16994388
43.9153535671, -1033.11540581
15.4536451327, -989.025371187
-8.45252524658, -961.794965061
-30.9983749731, -945.525832936
-55.4447321568, -932.320696797
-82.7254478495, -924.211285518
-116.936785151, -918.330435235
-157.112087656, -913.645878835
-200.088943315, -915.056509055
-247.326088844, -908.602666613
-297.46320359, -905.245625513
-340.44005925, -906.656255732
-379.419067871, -907.935664536
-412.401305936, -909.018241216
-442.385158721, -910.002401834
-469.140988751, -917.884378707
-490.965120691, -923.603405291
-508.758600239, -930.190672219
-523.586499862, -935.680061326
-534.416552447, -941.038229017
-544.411170042, -941.366282556
-552.177226641, -948.624957704
-552.177226641, -948.624957704
-552.177226641, -948.624957704
-552.177226641, -948.624957704
-552.013199871, -953.622266502
-552.013199871, -953.622266502
-528.00861343, -983.851057907
-492.681894095, -1023.71360801
-447.098114333, -1071.24379866
-392.486373381, -1119.47820287
-317.885397239, -1167.05650001
-231.290879982, -1214.2411329
-127.263742071, -1243.84441951
-20.5990777748, -1262.35521071
71.3514041015, -1259.33711814
152.979214843, -1246.65246152
237.0805252, -1217.87800069
318.789247791, -1177.17560945
393.108073818, -1124.70931458
462.167148216, -1064.4113524
519.838479012, -992.480707993
569.087646131, -907.819503548
612.07759986, -815.35943715
642.238577486, -728.323149151
656.655308649, -679.82409903
660.898094306, -656.672451792
660.898094306, -656.672451792
660.898094306, -656.672451792
660.898094306, -656.672451792
660.898094306, -656.672451792
656.064812279, -661.833787359
656.064812279, -661.833787359
650.347988765, -701.042433458
645.206360482, -788.258049368
635.183343675, -909.652197226
627.749746758, -1048.97104605
624.674855773, -1199.15275281
629.858101695, -1357.06771081
640.955003254, -1481.77079328
667.616823364, -1592.9559872
701.979089365, -1694.88358246
746.908965119, -1783.45731595
793.951481596, -1844.94716588
840.370696348, -1887.44724237
877.105842831, -1909.25387009
908.45001627, -1919.23098348
925.440866182, -1918.67329246
933.436560258, -1918.41084963
933.272533488, -1913.41354083
932.846063887, -1900.42053796
932.189956808, -1880.43130277
931.53384973, -1860.44206758
923.947121042, -1842.68139338
1468.54631092, -663.180769228
1480.01496637, -646.795716828
1457.53472736, -632.525508222
1440.85442677, -612.061696935
1434.85765621, -612.258529059
1434.85765621, -612.258529059
1434.85765621, -612.258529059
1445.46027439, -660.93690709
1460.17665988, -743.498568883
1482.70941154, -850.817137187
1512.27120087, -958.905529773
1542.71873475, -1093.97938987
1577.72180669, -1245.91287846
1623.29248838, -1384.49250528
1678.70906204, -1487.73011162
1744.36519191, -1567.61923861
1809.20118794, -1622.5218216
1873.24985547, -1653.43732237
1930.80967213, -1669.55772886
1978.61980982, -1662.98576308
2019.71145916, -1634.6224707
2060.34383355, -1592.2667137
2099.15661233, -1524.95721806
2124.38589187, -1440.08388035
2139.19408421, -1342.5455933
2149.38112778, -1226.14875424
2145.41167996, -1105.21388134
2134.34758375, -981.510260637
2130.70618946, -870.57000533
2128.18017721, -793.611449846
2126.37588274, -738.641053073
2125.22769536, -703.659891489
2124.67000434, -686.669041577
2129.47048101, -680.50824425
2129.47048101, -680.50824425
2131.27477548, -735.478641024
2146.15518774, -823.037611615
2164.08429485, -942.513747803
2186.6170465, -1049.83231611
2228.90939587, -1149.49854502
2283.19528636, -1248.77110968
2348.04878659, -1334.68981257
2413.57369505, -1410.58109252
2474.80550828, -1477.60843804
2531.44897811, -1526.77669331
2569.67566666, -1563.54244208
2589.35435252, -1583.9078373
2596.58022232, -1590.67443214
2596.58022232, -1590.67443214
2596.38339019, -1584.67766158
2595.82569918, -1567.68681167
2582.94641351, -1541.09500841
2572.63904351, -1501.41178622
2559.23487218, -1458.8285948
3451.20742742, -1260.46034961
3397.82698877, -1280.22215039
3386.68418379, -1245.56904235
3386.42174096, -1237.57334827
3379.72075683, -1246.79814158
3379.72075683, -1246.79814158
3379.72075683, -1246.79814158
3378.93342833, -1222.81105936
3390.81104917, -1188.40288993
3408.86476848, -1128.77853904
3426.62323961, -1060.15903231
3441.18649333, -985.641171092
3438.59487036, -906.683692089
3436.69215984, -848.714910037
3424.28745026, -806.098913271
3407.08226401, -769.643713831
3385.97764679, -736.318121086
3352.04405346, -708.41630674
3315.17768556, -682.611831974
3277.37746661, -658.839086082
3235.64501133, -637.196485124
3195.07604458, -620.51838761
3153.67164284, -608.870404248
3112.6937107, -610.21542376
3072.87926708, -616.524946715
3033.39287701, -632.829087265
2992.10439555, -655.195609081
2949.11223874, -686.62289744
2904.7772655, -738.105031697
2862.80207467, -800.515634601
2824.28454408, -876.820286077
2791.92781081, -957.925414227
2768.89428692, -1048.72991179
2760.50933474, -1159.06436958
2764.54439327, -1281.998166
2776.67356194, -1407.66790487
2796.79842469, -1533.07520091
2826.85229433, -1656.15551989
2865.85101023, -1746.92500902
2914.12262595, -1815.37828591
2970.66767971, -1861.5481559
3029.58781703, -1888.6298364
3089.11375186, -1903.68517043
3142.08522511, -1901.94648667
3192.30325171, -1877.28579315
3241.02973623, -1837.66597859
3284.2340263, -1782.21880265
3323.75101865, -1705.88134582
3360.77700718, -1614.6175733
3393.65642304, -1488.47105527
3424.91307542, -1343.36756915
3444.74917883, -1185.63193906
3451.47635911, -994.308273388
3445.80103288, -821.40138899
3435.52206209, -660.652072477
3417.11617582, -496.167351756
3396.97380886, -339.74393582
3385.25360558, -196.051079926
3375.69635258, -57.2899221213
3371.6940994, 64.6444125408
3368.51198007, 161.592203215
3371.85151696, 242.74543786
3376.87942804, 302.942780909
3375.60001923, 341.92178953
3374.74708003, 367.907795278
3379.31791923, 381.064824922
3379.0554764, 389.060518998
3374.0581676, 388.896492228
3374.22219437, 383.89918343
3375.40318711, 347.918560088
3371.27632173, 290.752407671
3358.56546897, 190.281346055
3342.70970837, 63.6930572766
3329.37775696, -78.8210089468
3322.53465642, -236.13016944
3320.82008608, -397.273150201
3326.7906605, -579.175190434
3333.18770452, -774.070233542
3354.01898391, -951.482346428
3375.84972506, -1128.86165396
3405.67616029, -1305.97851866
3445.74215174, -1459.746904
3491.34563878, -1599.32599258
3541.7496025, -1732.74428384
3595.77305016, -1824.02115442
3648.8779479, -1887.31309574
3696.49345653, -1935.77713743
3740.48727816, -1965.34982176
3776.02613076, -1981.19248428
3806.00998355, -1980.20832367
3832.47056539, -1963.33119096
3865.50090995, -1933.2314179
3892.76412143, -1910.32470928
3905.16662794, -1891.90792801
3909.86868855, -1882.7487454
3915.70143234, -1877.55460448
3915.50460021, -1871.55783392
3910.14643252, -1860.72778134
3909.68715757, -1846.7353167
4362.02751932, -752.307065454
4362.02751932, -752.307065454
4345.01916519, -721.848636572
4344.78952771, -714.852404255
4345.05197055, -722.848098331
4345.28160802, -729.844330648
4363.04448529, -783.290379999
4379.85821036, -868.784816363
4401.99950084, -1025.14262159
4421.02648577, -1147.5843377
4444.263451, -1245.87494482
4468.72951547, -1351.1289789
4493.80137744, -1444.3566665
4513.58068244, -1528.75322505
4531.00020503, -1602.22131494
4539.83353716, -1657.961536
4541.30977809, -1702.93731518
4542.06430123, -1725.92493565
4542.35954942, -1734.92009148
4542.35954942, -1734.92009148
4542.35954942, -1734.92009148
4529.77551193, -1717.32344406
4512.03013888, -1694.89351461
4491.87467385, -1629.51953485
4475.40430346, -1524.00305794
4484.0013889, -1389.64871256
4507.93375542, -1234.78024633
4561.5394254, -1099.94912179
4617.63609921, -980.044312925
4678.50264741, -914.012023017
4742.12264226, -870.901742871
4812.23148799, -842.586556994
4887.53447463, -820.104114904
4966.93372438, -800.488836677
5042.43354315, -784.003165144
5084.11568886, -773.630184443
5106.10384757, -772.908466657
5106.10384757, -772.908466657
5106.10384757, -772.908466657
5096.10922997, -773.236520196
5080.11784182, -773.761405859
5085.41039881, -782.592534925
5497.28485672, -711.042336342
5559.23618467, -739.025062538
5493.35262039, -713.172481277
5474.06759877, -704.800627166
5485.06167813, -704.439768273
5485.32412096, -712.435462349
5496.17167776, -738.093414557
5508.49547548, -808.727145944
5524.8018191, -909.246314055
5538.70027382, -1027.8542099
5551.59926677, -1146.4949111
5560.10674844, -1253.2732926
5571.38297791, -1352.95702572
5589.13055404, -1436.41973321
5613.41508752, -1505.66033859
5640.4027581, -1565.80737207
5670.79777934, -1607.83287247
5693.50765584, -1629.09931339
5711.72760499, -1635.50504934
5734.71522546, -1634.75052619
5762.01124229, -1612.84327933
5802.64361668, -1570.48752233
5849.87855914, -1515.90858673
5886.39716622, -1439.66954596
5922.39088763, -1347.43911704
5956.69623485, -1234.25279653
5977.77894172, -1114.49671329
5991.7013895, -989.972958742
6000.38158987, -888.633656783
6003.01691318, -816.508383327
6001.24542407, -762.537448313
6000.03162597, -725.557363211
5999.50674031, -709.565975058
5999.50674031, -709.565975058
5993.50996975, -709.762807182
5999.76918314, -717.561669134
6007.0453625, -756.343845632
6013.97818718, -815.148062675
6016.83225298, -902.101235753
6020.34242585, -1009.04364402
6037.23926584, -1127.5531238
6051.44826988, -1225.13951734
6084.22057775, -1309.10960629
6127.69171679, -1383.7236805
6194.49383098, -1437.56119103
6247.67964057, -1472.83539772
6292.44328649, -1495.37904438
6329.71861977, -1503.16040212
6353.705702, -1502.37307362
6369.27062055, -1488.85518509
6386.40799302, -1462.27868297
6402.02101807, -1419.74359805
6418.27264598, -1366.18162843
6438.19406739, -1302.49381979
6930.98747562, -190.729160877
6901.4431905, -113.65688819
6884.46764173, -84.1979210672
6889.26811841, -78.0371237403
6907.25843008, -77.4466273694
6939.04437426, -70.4000854863
6977.81124962, -93.1405642652
7024.78815539, -152.631490669
7071.55292789, -236.142304656
7105.14536961, -345.098937585
7131.29980827, -471.308863258
7143.82264119, -608.972143241
7147.85769972, -731.905939663
7152.31922786, -867.832738958
7149.04750475, -1012.01767516
7153.37781147, -1143.94662742
7156.78956828, -1247.89065041
7159.54521801, -1331.84543821
7161.57914995, -1393.8120673
7155.92793715, -1435.01963692
7156.78087635, -1461.00564267
7156.78087635, -1461.00564267
7156.78087635, -1461.00564267
7161.77818515, -1460.8416159
7160.76121918, -1429.85830135
7172.31078648, -1385.45551433
7187.93911266, -1312.90377127
7201.87906466, -1219.39613662
7214.32747459, -1110.92938093
7236.62177648, -967.120604761
7261.01341796, -826.244603163
7286.43732654, -686.335257971
7310.0438426, -582.504952184
7330.81600014, -483.770371256
7359.87909994, -393.768503332
7390.49935252, -320.724679966
7425.47831104, -258.543714539
7466.84770435, -208.159458103
7510.38004796, -162.706899757
7555.5679604, -137.210771247
7593.15384302, -123.970626683
7627.13554284, -122.855244649
7656.57920882, -135.896354019
7686.54776047, -164.92885154
7717.87663276, -204.922623062
7746.7648108, -262.005660559
7768.31340184, -339.340376077
7785.25834833, -428.832659479
7788.60449443, -530.77775895
7786.85491567, -629.888499913
7773.14460115, -730.392366883
7768.65907995, -837.597217983
7772.20205817, -945.539088012
7775.58100963, -1048.48364924
7793.16455898, -1126.94904794
7805.25871923, -1190.58654701
7817.02482594, -1244.22942848
7828.23324163, -1280.88146004
7838.04853131, -1305.57275585
7844.47177147, -1318.3689266
7854.46638906, -1318.04087306
7872.45670074, -1317.45037669
7913.44993402, -1286.08869904
7969.13984551, -1245.23978524
8011.57431129, -1196.82164697
8068.24618033, -1124.92380792
8135.48565912, -1039.6721071
8206.39493141, -944.294567277
8250.59868323, -888.814585981
8277.59945188, -857.912183285
8291.0998362, -842.460981937
8291.0998362, -842.460981937
8290.90300408, -836.46421138
8290.90300408, -836.46421138
8290.90300408, -836.46421138
