725
0.0, 0.0
-7.97344902842, 8.15009880867
-8.99185784655, 17.0922933648
-8.99185784655, 17.0922933648
-10.2365797354, 28.0216422667
-11.2549885535, 36.9638368228
-12.1602408363, 44.912454206
-13.065493119, 52.8610715892
-13.6312757958, 57.8289574537
-13.6312757958, 57.8289574537
-13.6312757958, 57.8289574537
-13.6312757958, 57.8289574537
-13.6312757958, 57.8289574537
-13.6312757958, 57.8289574537
-13.6312757958, 57.8289574537
-12.386553907, 46.8996085518
-8.8787013112, 16.0987161919
-8.75454308509, -29.1780392654
-2.530933641, -83.8247837749
4.14530194447, -142.445836976
6.98521701892, -211.568444583
15.9245833113, -290.061041242
25.8823584219, -377.495832457
36.6322292798, -471.885663883
53.6830327812, -568.577287615
72.7844838733, -647.925473266
92.6283674224, -716.117996945
112.762057287, -769.18054996
134.543431892, -819.036058385
158.085647771, -866.678099394
183.929655957, -908.019207759
205.007259704, -942.857902055
224.525503602, -972.841867023
245.91774531, -1001.60594175
264.417580389, -1022.64771216
283.232053429, -1037.614863
299.518421092, -1056.89579213
313.025538662, -1069.44799413
323.866562674, -1076.26504616
336.581584496, -1081.86220794
350.177026956, -1086.35263602
362.892048778, -1091.94979781
374.387180357, -1095.67296178
386.310106432, -1094.31508336
394.258723815, -1093.40983108
400.220186852, -1092.73089186
408.168804235, -1091.82563958
416.092589973, -1081.86503621
426.229843128, -1073.66527411
438.014781022, -1062.25846742
451.447403656, -1047.64461614
463.660136046, -1031.15676705
478.60245524, -1003.28694292
493.180473181, -963.381036181
505.972818203, -916.633245764
515.331805565, -866.250616262
522.70363858, -816.09429983
527.975160715, -765.170719296
532.705731818, -718.334603989
536.669038819, -673.598799564
532.25593394, -634.84928982
528.521768274, -602.061243115
525.353385284, -574.241082274
522.977098042, -553.375961643
514.752504297, -534.183357397
507.521487726, -514.877596615
498.75594295, -499.772457596
491.864395985, -483.447428334
485.19916209, -469.109553417
483.954440201, -458.180204515
483.388657524, -453.212318651
478.42077166, -453.778101327
478.42077166, -453.778101327
478.42077166, -453.778101327
478.42077166, -453.778101327
478.42077166, -453.778101327
478.42077166, -453.778101327
478.42077166, -453.778101327
478.42077166, -453.778101327
480.004963155, -467.688181748
483.625972286, -499.482651281
493.45958917, -541.640687039
497.533224443, -577.409465263
508.675056461, -613.379724913
518.282360275, -653.550606325
530.21628804, -696.475906185
544.452008112, -733.100273402
561.328990097, -766.404439494
583.852797159, -805.104285947
608.565239991, -836.509622583
633.592320785, -861.840339647
658.279931972, -884.190325192
684.162601758, -899.358957455
712.573376921, -910.213811422
739.764261841, -919.194667577
766.955146761, -928.175523733
793.806562074, -934.17564837
821.312084954, -937.081884953
847.14509145, -934.139815034
872.978097945, -931.197745115
896.572805379, -917.43948283
914.860157342, -901.266271702
928.808899362, -873.509604106
940.971968462, -838.911052835
950.016317863, -794.603042905
956.0551041, -741.57915149
960.308217416, -681.7133764
964.221861127, -618.866869792
965.92203742, -554.259521908
965.521902833, -488.884909922
957.82725843, -421.321662165
944.397464059, -356.424507965
926.339253431, -295.073867961
899.678317852, -237.722368294
868.929917046, -179.829917596
835.766567398, -127.244822368
803.621626569, -83.6019216958
774.595405438, -49.6684796822
751.555478991, -24.1114495479
734.954473367, -10.9051399846
724.339762426, -6.07524230071
715.825362366, -2.01260871898
710.857476501, -2.57839139572
704.896013464, -3.2573306078
698.255611214, 2.02519321751
691.300571004, 1.23309747008
679.69228289, 5.94983861866
668.762933988, 4.70511672985
657.921909976, 11.5221687596
650.966869766, 10.7300730121
645.005406729, 10.0511338001
1965.11554722, -596.465326785
1965.11554722, -596.465326785
1965.11554722, -596.465326785
1967.79547074, -566.972649558
1966.43759231, -555.049723484
1965.07971389, -543.126797409
1956.76679525, -531.995967081
1949.98840482, -516.664514992
1937.13539482, -501.018424941
1919.62913691, -479.863497995
1896.92868007, -457.287199379
1867.70097752, -430.421954111
1833.27907603, -402.135337174
1798.744018, -372.855143064
1765.11421226, -351.523566337
1731.93703265, -334.166298302
1693.81679883, -326.430164035
1653.28161617, -324.001385239
1609.56422056, -328.980272794
1566.75207724, -341.907777733
1525.6124503, -360.683589173
1489.2392278, -385.961814683
1459.50640754, -416.522564017
1434.7663048, -455.572881767
1417.23238699, -504.873609206
1410.3628434, -577.114936512
1413.13926523, -663.354669129
1423.77597956, -756.750923382
1446.3991132, -831.6721742
1469.65152276, -894.444185873
1493.84784621, -938.992338828
1520.66059992, -971.164939566
1547.67483506, -996.269343559
1575.85929715, -1005.13704318
1602.68588082, -1002.08181673
1632.24205129, -987.644615228
1660.64182477, -954.216290909
1685.92287854, -911.078507933
1709.53141593, -862.092418455
1725.64396207, -817.985889951
1738.0085126, -776.319141934
1743.10338495, -741.519109237
1745.896465, -713.020009184
1743.85964736, -695.135620071
1747.46965481, -682.64691132
1746.79071559, -676.685448282
1746.79071559, -676.685448282
1746.79071559, -676.685448282
1746.79071559, -676.685448282
1746.79071559, -676.685448282
1746.79071559, -676.685448282
1740.5146146, -683.439007067
1741.64617995, -693.374778796
1736.84111391, -713.044840829
1733.82172079, -739.556786536
1736.99010378, -767.376947378
1751.54046181, -797.926695021
1768.50576869, -823.169087195
1788.99275811, -843.984544535
1812.43564741, -855.405181178
1838.29348555, -861.518462351
1868.66658342, -863.091652155
1899.89527027, -854.502757159
1930.87281241, -834.871356726
1963.92583379, -806.951869304
1997.29349313, -772.957762309
2031.20210349, -734.876190088
2058.92293776, -695.486402732
2083.235246, -661.517127383
2103.46008902, -627.006901001
2116.72989183, -593.288770368
2125.91222941, -559.029688703
2127.59857575, -529.650168012
2124.43019276, -501.83000717
2121.94074898, -479.971309367
2112.4079401, -466.966481229
2104.43449107, -458.81638242
2096.80051165, -453.64701513
2090.83904861, -454.325954342
2090.04695287, -447.370914132
2084.08548983, -448.049853344
2084.08548983, -448.049853344
2084.08548983, -448.049853344
2079.11760397, -448.615636021
2079.11760397, -448.615636021
2079.11760397, -448.615636021
2079.11760397, -448.615636021
2079.11760397, -448.615636021
2079.11760397, -448.615636021
2079.11760397, -448.615636021
2079.11760397, -448.615636021
2079.11760397, -448.615636021
2079.11760397, -448.615636021
2073.15614093, -449.294575233
2074.17454975, -458.236769789
2074.96664549, -465.191809999
2168.86801744, -397.129101074
2168.86801744, -397.129101074
2168.86801744, -397.129101074
2168.86801744, -397.129101074
2168.86801744, -397.129101074
2168.86801744, -397.129101074
2168.86801744, -397.129101074
2184.0089898, -441.702085674
2189.10103389, -486.413058454
2195.77726947, -545.034111655
2207.08192132, -600.108650661
2213.07921769, -652.768240825
2218.85020099, -703.440676643
2216.98720487, -748.943745171
2221.51346629, -788.686832087
2223.55028392, -806.571221199
2224.22922314, -812.532684236
2224.22922314, -812.532684236
2224.22922314, -812.532684236
2221.28715322, -786.699677741
2217.21351794, -750.930899517
2212.46094346, -709.200658255
2216.65056353, -666.452008175
2219.3056554, -627.903979857
2226.50083863, -593.871211263
2237.3556926, -565.460436099
2253.29158897, -537.477455432
2270.2210625, -509.38131823
2289.47716, -484.039599476
2313.16019232, -462.219563272
2328.5799693, -447.379398923
2339.59764309, -438.072903116
2350.72847342, -429.759984481
2361.65782232, -428.515262592
2368.61286253, -427.723166845
2369.17864521, -432.691052709
2385.2386998, -449.9848275
2395.24896646, -476.019315421
2406.81859298, -506.908532671
2418.38821949, -537.797749921
2435.57983944, -565.02729644
2454.41914412, -589.04979837
2476.55381829, -606.658211121
2498.00955324, -618.305160834
2518.89950552, -624.984224684
2540.33040883, -627.575823306
2563.1826838, -624.973222993
2586.03495878, -622.37062268
2609.88081093, -619.654865832
2626.77162287, -617.731204731
2638.69454894, -616.373326306
2656.57893805, -614.33650867
2676.02268702, -617.154420363
2691.91992178, -615.343915798
2705.8300022, -613.759724303
2714.77219676, -612.741315485
2720.41902184, -618.136995845
2721.09796105, -624.098458883
2729.18456661, -633.242134864
2730.31613197, -643.177906593
2740.27673534, -651.101692331
2741.18198762, -659.050309714
2750.80312139, -663.993363934
2750.80312139, -663.993363934
2751.4820606, -669.954826971
2751.4820606, -669.954826971
2751.4820606, -669.954826971
2751.4820606, -669.954826971
2751.4820606, -669.954826971
2751.4820606, -669.954826971
2757.44352364, -669.275887759
2757.44352364, -669.275887759
2763.71962464, -662.522328974
2768.66267886, -652.901195206
2773.8072145, -636.211864692
2779.60585771, -616.428646124
2787.27849874, -595.425537313
2796.5988245, -571.215383912
2805.91915026, -547.005230511
2812.91285207, -520.040658662
2818.68666364, -491.202089003
2824.4604752, -462.363519344
2827.36671179, -434.857996463
2824.65095494, -411.012144314
3072.62028193, -308.293047399
3072.62028193, -308.293047399
3106.69171212, -289.315754533
3118.36349348, -276.915370672
3124.95423244, -264.087192314
3129.33150398, -249.498172682
3134.13657002, -229.828110649
3137.94805889, -210.271205152
3136.02439779, -193.380393213
3125.92580623, -175.40767921
3112.73332662, -156.780857641
3089.26560568, -136.304869907
3060.06273477, -118.49497573
3031.42564654, -105.652967418
2995.85834974, -102.658405945
2956.11526282, -107.184667359
2909.03900449, -135.694769103
2863.32062458, -176.127796922
2821.51306012, -233.225323609
2787.22631855, -294.498640414
2762.4475542, -359.721434265
2745.84372032, -426.026130179
2753.08573858, -489.615069244
2770.77964796, -538.929626638
2811.52731374, -578.573386973
2854.77825325, -604.848017919
2902.94741533, -612.446164006
2953.61985115, -606.675180703
2998.19283575, -591.534208348
3037.20732017, -562.935781714
3069.24193272, -526.074099736
3092.22119419, -489.237249403
3107.90594584, -450.211763298
3120.27049637, -408.545015281
3124.37179155, -373.85813912
3121.09025202, -345.044401106
3123.68185064, -323.613497798
3122.32397222, -311.690571724
3121.64503301, -305.729108686
3113.69641562, -306.634360969
3113.69641562, -306.634360969
3103.13136797, -319.915165468
3095.91135309, -344.892582971
3083.74828399, -379.491134242
3074.04982703, -426.893032226
3066.92913873, -488.091854095
3063.69443423, -556.899823741
3067.37610834, -651.088173741
3079.82332723, -760.38166276
3093.51526801, -880.604500681
3111.69763686, -987.231896142
3131.41453392, -1089.65866984
3150.90511791, -1190.09828919
3169.40212472, -1290.65106508
3186.22661515, -1385.35553447
3206.4596316, -1474.63949185
3214.26743254, -1543.19631678
3210.26546394, -1614.10459731
3198.29004631, -1676.86277902
3177.57391555, -1733.57117282
3149.87791293, -1782.01631126
3115.29036335, -1814.13642045
3076.47736037, -1835.66665034
3034.7471191, -1840.41922482
2986.77943844, -1825.75288199
2939.44103371, -1798.93730001
2893.92696349, -1752.79112561
2852.56385174, -1690.06877722
2817.02421485, -1616.61856137
2787.55919753, -1543.48298347
2760.08133456, -1470.1210925
2751.36828134, -1393.61565018
2749.88624469, -1336.41596865
2764.41459934, -1278.39935973
2783.1684074, -1230.9726301
2826.56016336, -1187.78518383
2885.64767265, -1149.85542975
2958.21746787, -1115.42252656
3027.60505015, -1088.39728973
3095.91073037, -1069.54698336
3157.48768344, -1053.47592707
3204.50044853, -1042.08295034
3240.47070818, -1030.94111832
3260.43057652, -1020.6162137
3270.36634825, -1019.48464834
3269.46109597, -1011.53603096
3266.97165219, -989.677333156
3245.23994088, -957.932526914
4470.72700891, -0.108719476057
4518.67268619, 73.7912942606
4524.62314753, 118.753411757
4533.46601551, 155.993224941
4543.86824333, 188.378308796
4539.79460806, 224.14708702
4535.60781625, 260.909442417
4531.53418098, 296.678220642
4509.46300006, 331.403758403
4485.06519519, 368.883714612
4442.66984467, 405.320430358
4388.26324319, 432.337493761
4328.96325077, 431.622721213
4255.68968469, 412.20663216
4169.51061706, 347.036329863
4073.80974223, 250.58767742
3984.23315027, 135.713684833
3900.66768464, 3.40792927475
3825.43996929, -149.084007702
3756.87748783, -315.913819595
3713.80854327, -476.820830051
3688.53566292, -643.752796789
3696.61661196, -811.918483725
3732.36873196, -922.583681123
3787.60326253, -1009.89431411
3866.97345156, -1079.35921959
3944.93609888, -1118.79049681
4025.26403175, -1134.80371637
4109.85607963, -1135.23433913
4197.71866534, -1120.19552162
4285.53158776, -1087.04600193
4375.08051981, -1042.62766373
4448.84537363, -1001.01340726
4512.67445572, -960.530716156
4557.19777703, -927.279041618
4586.27648972, -899.812180337
4604.65216657, -875.577195291
4602.04956626, -852.724920314
4594.47908008, -830.438428014
4573.85410247, -799.574042409
4095.68982069, -560.143635758
4095.68982069, -560.143635758
4095.68982069, -560.143635758
4095.68982069, -560.143635758
4095.68982069, -560.143635758
4095.68982069, -560.143635758
4122.12727146, -535.996975602
4159.63205932, -520.654521822
4208.06619607, -504.067346152
4264.56210675, -487.568495373
4326.02590329, -470.503861917
4391.69032159, -454.973756666
4451.61958992, -442.109744972
4500.61950936, -430.490455168
4546.29922767, -416.22990345
4572.98782315, -403.125748732
4592.6082219, -389.820112587
4606.38031414, -378.186992828
4605.47506185, -370.238375445
4604.90927918, -365.27048958
4604.90927918, -365.27048958
4599.94139331, -365.836272257
4599.94139331, -365.836272257
4593.97993027, -366.515211469
4594.88518256, -374.463828852
4588.99821446, -402.308821339
4584.46912478, -442.0767399
4579.98969839, -499.955360644
4572.3528907, -574.296998831
4564.8540712, -658.687565283
4557.6947213, -746.058863253
4552.18305614, -830.223116634
4549.06150818, -900.024663453
4550.88301443, -960.205076504
4555.29611931, -998.954586247
4557.55925002, -1018.82612971
4563.43238817, -1026.20896441
4563.43238817, -1026.20896441
4563.43238817, -1026.20896441
4562.64029242, -1019.2539242
4561.39557053, -1008.3245753
4552.91983207, -978.089465616
4549.41197947, -947.288573256
5361.87961365, -551.812476098
5371.64156386, -487.293453104
5368.36002433, -458.47971509
5372.5496444, -415.73106501
5371.8597035, -365.486423688
5366.65450288, -319.781873735
5354.49426204, -274.869419529
5331.63098537, -233.188841558
5305.35918269, -196.928775592
5276.92357588, -177.018570534
5251.49353224, -165.824246962
5224.66694857, -168.879473417
5195.65172913, -179.229209687
5163.56745328, -197.980189483
5131.28169601, -223.799366023
5098.0271932, -258.787050191
5062.58405463, -301.069244175
5030.14647922, -352.067319645
5004.93992039, -422.371155896
4988.15943672, -504.799399647
4981.5658695, -597.138583481
4991.41048807, -683.579797524
4999.44460208, -754.1237768
5027.21227137, -812.355697104
5054.81712083, -851.483338053
5085.80566466, -876.135115905
5117.76295402, -891.618386129
5149.24278559, -894.071996571
5177.37758439, -884.828994008
5203.61355374, -867.750530598
5225.71239457, -832.020413973
5250.08819606, -780.934013614
5273.21927566, -718.918264352
5296.23719873, -655.908937918
5313.7462849, -597.552859387
5328.95357876, -545.4977135
5336.03560546, -510.471367732
5338.40089101, -487.053310079
5336.92985605, -474.136806831
5335.91144723, -465.194612275
5329.9499842, -465.873551487
5329.9499842, -465.873551487
5323.98852116, -466.552490699
5318.05188977, -476.286781003
5309.587153, -490.334849604
5306.0019772, -511.878909447
5302.78110266, -545.4590519
5298.47832605, -587.214124807
5297.15628096, -628.629728108
5301.79569891, -669.366392197
5305.75617765, -704.141593249
5320.64600529, -737.672072411
5339.05751548, -766.775616741
5362.97786256, -791.225913167
5394.07956293, -816.871268191
5432.45094147, -835.649907896
5476.21800036, -848.781722523
5524.70180041, -850.305249037
5573.36225024, -835.705227713
5621.88471188, -811.056278126
5669.92971574, -773.377668755
5715.96273361, -726.870021363
5749.28072966, -674.765212185
5776.09631164, -627.426807447
5792.20885778, -583.320278943
5796.98909218, -554.594865819
5794.839118, -535.716899534
5784.19957542, -521.831650758
5775.88665678, -510.700820431
5768.13952083, -504.537875968
5762.17805779, -505.21681518
5761.38596204, -498.26177497
5756.41807618, -498.827557646
5756.41807618, -498.827557646
5755.51282389, -490.878940263
5759.46230094, -481.37096303
5757.99126598, -468.454459783
5765.89022007, -449.438505317
5771.46255021, -427.668132403
5774.90973783, -396.075144296
5778.89787647, -360.394690962
5779.67897053, -323.066552888
5775.37902219, -285.310620317
5780.47389454, -250.510587621
5777.41866809, -223.684003952
5779.55764057, -198.278791953
5777.4076664, -179.400825668
5776.04978797, -167.477899593
5775.37084876, -161.516436556
5775.37084876, -161.516436556
5775.37084876, -161.516436556
5775.37084876, -161.516436556
5776.04978797, -167.477899593
5776.61557065, -172.445785458
5778.19976215, -186.355865878
5780.80236246, -209.208140855
5781.03967722, -255.478473485
5787.94222588, -316.086681032
5789.9513836, -404.42672453
5800.13547178, -493.848670091
5808.39589886, -566.379803713
5815.29844752, -626.98801126
5821.06943082, -677.660447078
5829.99779543, -711.869865452
5832.82670881, -736.709294775
5839.71825577, -753.034324037
5840.28403845, -758.002209902
5840.28403845, -758.002209902
5839.71825577, -753.034324037
5836.54987278, -725.214163196
5831.45782869, -680.503190416
5824.89474964, -622.875714388
5827.72649129, -568.204138233
5830.13043844, -518.613604478
5836.19405632, -474.645064154
5843.36440791, -431.556944468
5850.10696501, -393.549867182
5854.66088633, -362.837299713
5860.7741675, -336.979461572
5866.79912379, -319.18339735
5872.84891171, -310.442684219
5886.75899213, -308.858492724
5900.66907255, -307.27430123
5915.71071833, -315.625881464
5930.7523641, -323.977461698
5948.00747729, -334.089883207
5965.14943395, -343.208727543
5982.51770367, -354.314726226
6000.87955057, -365.307568372
6014.49982468, -378.853347542
6025.2525238, -393.73217349
6038.1055338, -409.37826354
6047.86465575, -424.370246024
6055.97609296, -442.569273097
6065.08110734, -460.655143635
6072.42528045, -480.954481589
6080.10892316, -504.234551062
6083.27730615, -532.054711903
6087.23778489, -566.829912955
6098.26646037, -601.806595432
6102.11378257, -635.58821931
6111.46994167, -664.716595285
6119.49305399, -690.977396277
6128.0322857, -704.09538095
6139.09962278, -712.899587325
6150.93422396, -719.60348282
6163.85072721, -718.13244786
6177.17019331, -702.525019409
6194.8917626, -681.383922417
6214.57565458, -650.961161263
6239.31575732, -611.910843514
6263.37692085, -566.899062727
6289.13543241, -536.790939533
6308.3915299, -511.449220779
6324.69172752, -495.502322722
6336.70297849, -486.08267038
6352.03443058, -479.304279949
6725.13664464, -220.422573637
6782.9546004, -162.508119557
6790.60240978, -132.449659654
6802.08653966, -91.8896453455
6808.80426511, -44.8272169679
6802.58065567, 9.81952754168
6796.01757662, 67.4470035698
6778.75146174, 121.842603363
6755.75019689, 173.572109599
6730.44713973, 219.000683191
6703.0051101, 239.024044784
6669.31181111, 243.238496501
6631.69386672, 228.889619894
6602.52682915, 193.360984694
6574.06356243, 142.815535366
6545.28565775, 86.1954664654
6519.94111073, 25.940558479
6496.60854971, -43.1433875281
6480.59533014, -123.471320398
6472.32924653, -209.962197731
6481.15545629, -287.461217217
6509.80354621, -344.586403813
6552.11057184, -389.084893478
6603.1969722, -413.460694968
6659.0884386, -418.166434426
6718.70306898, -411.377042305
6774.74635351, -390.903882834
6828.55133898, -359.614530997
6881.45107217, -320.376561776
6929.13177478, -270.661869796
6967.19134362, -216.004123595
6997.84324611, -158.164164451
7020.45820632, -109.291231508
7032.0306611, -60.6694432804
7035.54134196, -11.9593301631
7031.12823708, 26.79017958
7015.58430188, 57.2267706886
6995.54993859, 74.0679193375
6974.77314285, 79.7534060137
6954.90159939, 77.4902753068
6935.82215168, 68.2721043896
6916.99384869, 48.0114280351
6899.41026758, 16.8214027787
6882.84509529, -23.3108170338
6869.28548617, -72.1589183317
6860.63026967, -137.558361963
6859.18123809, -213.208215284
6861.75617849, -306.516144646
6866.82056267, -421.682771813
6872.47556118, -550.872635935
6882.49400127, -700.701307617
6896.33493192, -875.256252087
6903.04417258, -1066.72684014
6911.89238571, -1232.7922162
6924.28711305, -1403.48600851
6933.28714432, -1544.37248564
6933.83626878, -1664.07920417
6930.72572251, -1778.16392927
6914.92498606, -1895.70684368
6877.78167119, -2002.59638555
6826.59028772, -2101.02119065
6774.80828993, -2185.42275879
6721.19095593, -2244.87174108
6654.72061193, -2288.67463331
6577.78737512, -2302.46872893
6501.97470197, -2281.915418
6422.45269481, -2237.62941145
6340.21493079, -2169.49755275
6274.81831542, -2081.33133077
6212.91855096, -1979.68282286
6160.95455823, -1876.9027496
6132.65976786, -1787.53046733
6118.4130461, -1706.62292183
6121.12062952, -1606.67459022
6152.84343238, -1496.37652234
6203.75883949, -1377.85386071
6289.78891725, -1258.35145187
6411.41112346, -1150.89895559
6557.01717, -1050.77963072
6679.50596689, -977.448227924
6786.26034884, -925.031609049
6881.45610597, -886.008951209
6952.94399913, -859.750978481
7003.79308473, -837.856447341
7041.29787258, -822.51399356
7065.77300065, -807.648997567
