217
0.0, 0.0
0.0, 0.0
30.521826582, -11.3762077203
56.495819261, -12.5388359119
90.4618096874, -14.0591958547
138.950393799, -4.21758974115
196.966573002, 17.2095647733
275.275761857, 44.7353879387
366.929678802, 79.6718947555
466.486160557, 112.252670384
551.788347441, 139.465478267
617.125777359, 145.549905254
669.073762717, 143.224648871
699.65554317, 110.824730595
712.315282563, 58.2059982034
709.274562678, -9.7259826494
705.160647538, -101.633956744
696.007017338, -194.317348213
684.855387701, -286.911306744
680.562606686, -382.815279712
670.052245015, -483.44595246
664.596835809, -605.323918107
658.515396038, -741.187879813
648.556869397, -851.853266213
635.601343601, -962.384503207
621.557385149, -1074.86902317
609.719771075, -1160.4252672
600.685052879, -1228.08894924
593.215411095, -1260.78764114
586.550665751, -1275.5043381
573.563669411, -1274.923024
555.58167448, -1274.11812756
525.37286318, -1255.74892181
482.400637885, -1231.80340338
432.017728939, -1194.51315685
379.040269058, -1148.09776345
328.373823895, -1094.77880496
282.195258765, -1030.64971544
245.783108474, -971.9627892
220.002223335, -921.759741868
213.843600812, -880.443021661
215.363960755, -846.477031235
246.675446375, -817.848533749
292.971927771, -789.890783297
351.122256382, -765.466629628
409.91385296, -749.079190174
466.528584225, -736.598316656
520.47456902, -739.013005977
575.971388562, -751.50712542
626.801462198, -778.807374764
665.43519427, -832.588735347
696.226315404, -905.038075298
705.099396604, -997.527363489
694.32073612, -1104.15203455
669.064198421, -1221.13967194
631.178396133, -1329.55399749
586.523178161, -1432.66030917
538.006110722, -1532.59075582
495.706623938, -1627.79450269
474.594476183, -1696.91958654
472.2692198, -1748.8675719
480.052872605, -1776.24301251
507.622416501, -1786.48607111
544.585406083, -1788.14058046
594.788453415, -1762.35969532
651.909307502, -1693.84540463
722.314935809, -1596.89671974
803.202442457, -1489.40620263
892.946797165, -1385.3151329
966.036409345, -1295.49359544
1027.77929287, -1213.17217457
1086.80871346, -1146.74531626
1931.89057251, -358.746171903
1958.2213012, -284.849671806
1952.85333345, -270.595376934
1952.13786995, -286.579372429
1950.4833606, -323.542362011
1957.5515499, -366.901798123
1960.48959093, -413.079367515
1967.79659998, -473.46651531
1978.69715968, -543.023526445
1987.65967382, -633.514815199
1994.35588971, -729.910669326
1989.92895928, -828.81164145
1985.99391002, -916.723616671
1975.28944507, -999.327578018
1965.76284572, -1077.98025696
1963.21400699, -1134.92324091
1957.36939549, -1153.68065322
1957.68241077, -1146.68765519
1959.15805425, -1113.72066448
2002.81955252, -361.921041195
2041.49501384, -213.502010437
2101.65758355, -144.122869438
2164.72771948, -76.875877283
2229.66170544, -12.7153172208
2310.63964077, 29.7060687829
2391.08097846, 60.1394581657
2459.68370635, 72.0837340564
2519.62368946, 69.400745922
2561.90993031, 52.4929419827
2600.66257439, 23.731290829
2637.79018818, -18.9716399136
2676.51335319, -70.7550010599
2714.47633823, -139.521357419
2749.21874177, -213.148562964
2778.74256437, -291.547184756
2805.59764051, -384.841369387
2823.01455448, -487.723102982
2832.7677234, -605.276817071
2836.30331166, -727.557230939
2837.88561695, -848.749212151
2840.64578783, -965.989910957
2844.13665962, -1089.26932454
2857.43866272, -1216.99190169
2871.47136673, -1350.75319362
2888.2917292, -1444.59921328
2906.36415281, -1510.47324083
2913.53701246, -1573.85738778
2912.19551839, -1603.82737933
2911.79307017, -1612.81837679
2893.81107524, -1612.01348035
2864.73541306, -1590.69199192
2821.16663627, -1557.71075955
2773.49719026, -1504.52595046
2426.72468155, -462.977666798
2419.05994075, -410.582516751
2414.55682332, -399.369937503
2413.88607628, -414.35493328
2412.45514928, -446.322924269
2398.82788071, -504.772026498
2378.08870211, -587.927822874
2347.59834607, -687.664166243
2312.53067706, -800.208640076
2275.31562181, -893.637969853
2240.67988009, -974.169736227
2206.22300424, -1050.70550373
2174.47959133, -1111.34670867
2146.18034227, -1162.13206584
2120.44516934, -1177.99714933
2098.13892285, -1161.98367477
2074.77372277, -1124.90177318
2058.19218004, -1048.0834652
2051.49596415, -951.687611077
2056.37005926, -842.796641769
2069.29610599, -755.287114768
2094.94085025, -674.352900173
2127.87736615, -631.783123099
2162.82711889, -611.325489236
2215.99768631, -608.700463496
2280.93266801, -611.607033975
2365.59458266, -643.424642417
2451.62846619, -689.317679854
2526.00260578, -749.70383191
2591.65404672, -803.693537435
2650.53607197, -852.375229086
2705.51153129, -898.880055424
2758.02658908, -933.262735735
2809.85566244, -960.607701548
3228.57696962, -394.765438269
3304.72353482, -326.101760774
3313.87816076, -300.485499846
3305.09550824, -273.065342759
3305.09550824, -273.065342759
3303.79873064, -302.036334594
3312.00006907, -342.44348802
3308.91463271, -411.374468591
3311.55489586, -486.567746286
3314.70227756, -572.794737353
3316.71651014, -661.974011106
3318.77545918, -750.15428514
3323.59258764, -821.4409969
3329.8558805, -882.782427944
3339.10093512, -922.23529812
3348.19660292, -942.662457177
3354.92130214, -948.96947077
3361.45189808, -937.249772963
3378.6727173, -887.970534075
3401.05216359, -812.896168384
3606.93783132, 29.7402252176
3673.54056829, 175.908195128
3683.73891042, 202.478739305
3688.73390901, 202.25515696
3696.9494891, 206.892423801
3707.67018719, 200.406544333
3720.03115297, 185.839234179
3731.16953668, 166.321641902
3739.04262242, 140.944200721
3747.15452791, 98.5390478591
3754.72983577, 44.1458983752
3762.8274996, -43.3036747545
3757.59567274, -160.18664181
3751.51423297, -296.050603516
3751.78452326, -424.190866287
3745.92666583, -555.059829401
3748.74679059, -693.324238763
3748.03331856, -843.44249534
3748.48247473, -967.586759238
3750.78024352, -1072.79474495
3756.26911475, -1196.16359148
3765.02328395, -1313.6725891
3778.90660114, -1428.40816991
3793.37123243, -1530.15675438
3806.50861132, -1616.83091013
3812.14587362, -1692.15833723
3808.52383963, -1773.07731443
3807.04819616, -1806.04430513
3798.05719869, -1805.64185691
3779.67275554, -1813.82795794
3754.69776258, -1812.71004622
3730.39351666, -1796.60713872
3700.45300417, -1772.24393466
3667.78379134, -1741.75258288
3624.34916396, -1705.77435135
3561.70995957, -1673.94150551
3486.08375885, -1641.52734557
3406.28269338, -1612.93031863
