227
0.0, 0.0
-71.041689418, 19.8262039896
-62.0545592494, 19.3450685283
-53.7452421253, 24.9088126752
-41.0674284565, 37.2487089705
-3.15806684079, 53.2449679672
49.6229260646, 66.4421944911
112.22924067, 76.1091160018
166.776375231, 66.1788536076
214.690575731, 44.5865079627
247.181389585, -3.21879524838
265.087008325, -80.2862255776
273.881417505, -177.895950335
275.437677772, -317.1783184
272.946198469, -457.245418502
265.301490586, -600.040931181
268.373755429, -748.417348407
271.125263299, -902.785185745
274.768422196, -1059.20362262
278.107984518, -1202.58718975
277.346347774, -1347.75405894
270.877748796, -1468.5810312
270.364270833, -1571.70104061
267.42399857, -1626.62239164
266.140970673, -1650.58807209
266.140970673, -1650.58807209
251.643555854, -1640.79904949
220.775665567, -1600.0906554
178.99412497, -1538.76934699
126.352393557, -1455.83655423
64.8476113664, -1351.39919613
-3.8972980343, -1232.5541818
-68.772006751, -1134.94643534
-130.364569236, -1069.56022696
-174.053491279, -1025.16114937
-207.720414038, -999.324386569
-211.537155226, -977.088548679
-210.467965313, -957.117148304
-175.911369824, -928.924211099
-119.065476948, -895.915962688
-39.1990141461, -863.138712659
45.4464607669, -834.623040183
135.602220331, -815.41525485
225.473522017, -820.226609462
291.736199324, -835.791235898
339.829917008, -891.441881171
375.763255581, -968.473012404
385.93045125, -1059.14620653
380.317204202, -1163.99605849
350.470979227, -1272.55573266
307.055289555, -1391.40470358
253.386602217, -1514.71192965
188.055831629, -1631.38622165
113.898309359, -1744.58366814
34.8548559861, -1855.5166771
-11.1117073771, -1947.19041954
-22.985650313, -2000.63206509
-13.4447864906, -2028.18151005
24.5906328134, -2047.2421207
80.9916893239, -2041.24872229
150.337856982, -2017.92257749
228.812394598, -1955.02784841
326.544220449, -1869.12970981
437.114238455, -1767.89596485
552.125351199, -1695.94150741
664.818566931, -1629.87155109
758.896008378, -1574.82216408
1954.06820007, -368.991150954
1969.91926268, -334.789633238
1975.51930592, -361.126670195
1981.83346131, -411.536306593
1976.22021426, -516.38615856
1954.02463206, -650.391218655
1934.80759952, -803.582947087
1907.69176542, -973.376149369
1877.18686609, -1112.94495361
1859.7874564, -1232.18530141
1844.56272564, -1329.51056829
1841.03439892, -1395.41618952
1838.62872162, -1440.35184036
1838.09412666, -1450.33754055
1844.15616667, -1430.63343766
1852.28596661, -1391.01139388
1948.26816692, -739.210490826
1939.55758144, -490.389017274
1944.31547656, -401.516285607
1959.20228995, -329.208728692
1982.52447816, -286.394297277
2016.56363909, -249.160770408
2060.16082424, -220.450398646
2121.62535074, -194.699437844
2193.07557743, -169.483071999
2285.549234, -144.390785545
2368.09064989, -117.765334115
2442.53658663, -92.7093467575
2522.86702449, -69.9712564112
2588.77264573, -73.4995831269
2643.35607939, -101.457565354
2690.34430806, -159.051891169
2722.80080112, -244.909774083
2746.19954411, -350.311381407
2768.01166263, -466.643799441
2789.03904911, -578.928477905
2812.06357563, -691.32007536
2836.03321268, -804.763702329
2860.35990579, -930.243629019
2882.26178291, -1063.60519687
2901.952682, -1200.8541258
2917.32854404, -1343.88063686
2927.24758093, -1476.60069076
2933.54655421, -1602.11691655
2935.72518973, -1692.3624347
2942.1291037, -1759.80122092
2952.38407967, -1811.42326531
2955.98698287, -1837.65338328
2955.6127664, -1844.64337341
2946.00128269, -1837.11878832
2925.99358322, -1818.02187858
2893.0216339, -1779.20370553
2847.76324779, -1726.7091488
2793.5883514, -1653.70859674
2734.34800672, -1544.38530754
2674.34009041, -1411.98798891
2614.13549652, -1264.5586605
2571.85170346, -1119.09017304
2545.38465222, -977.472747562
2528.74292268, -839.385627099
2519.46737804, -750.76303251
2512.5823286, -692.311376466
2509.56747985, -655.096988295
2510.2624533, -642.115578051
2504.73500824, -651.83398076
2503.34506136, -677.796801247
2479.09690133, -756.613212832
2442.58144319, -858.807250415
2399.27267251, -975.659081304
2347.03023116, -1091.03120671
2289.18774656, -1180.06629517
2237.30038298, -1251.39442076
2185.37672031, -1304.69482652
2134.84300452, -1332.03241179
2105.18950053, -1343.46349666
2086.80472463, -1331.46349604
2070.50486905, -1280.51926468
2062.5849505, -1203.98642931
2087.65216337, -1091.16517759
2131.06785304, -972.316206665
2215.69221096, -850.666224968
2297.62643369, -797.971034059
2366.81222286, -777.640599317
2427.72499401, -780.901628554
2484.62632467, -802.97510966
2544.506205, -844.235259105
2607.84577044, -895.69494672
2670.59728143, -958.138904541
2743.4948711, -1018.12174726
2816.49937976, -1076.10744995
2883.36925021, -1117.74181586
2944.78229551, -1149.06972461
3001.57670719, -1173.14034576
3058.49519826, -1176.18753701
3505.87108277, -657.362115552
3583.87768873, -472.267627718
3600.69102227, -420.091849664
3610.28336729, -390.562425068
3618.12870935, -374.959521238
3625.11869948, -375.333737708
3630.14784867, -393.628755019
3651.45771474, -425.813994001
3671.520852, -499.992633265
3681.74150717, -589.667257368
3684.43757724, -688.953365189
3678.93124919, -791.806077118
3673.26454264, -897.654499105
3661.60641599, -1003.18216412
3657.06235885, -1088.06061571
3653.21327516, -1159.95765706
3664.32360306, -1195.60258116
3673.6677893, -1208.12001634
3683.65348948, -1208.6546113
3698.34560359, -1177.39534414
3722.91452059, -1092.58751244
3754.56120802, -969.102747494
3782.64129134, -837.415584411
3799.11275091, -698.096917249
3806.91783728, -552.305694514
3821.35585771, -394.852388527
3837.5600198, -260.526571459
3855.90454001, -142.338253178
3877.21044948, -62.3628930869
3893.13213199, -8.13651550038
3905.14929301, 29.2745502547
3914.83139662, 41.7748250371
3927.29537231, 50.1204412574
3943.27249261, 49.2650893263
3957.34223146, 31.4875065724
3969.82534585, 2.77911310814
3982.18438084, -46.9527102454
3991.88760145, -127.586744684
4000.52163214, -228.192179497
4008.19339191, -346.771874648
4010.42746522, -492.099122322
4009.75558707, -654.295141323
4011.7223629, -804.61523909
4013.42184126, -959.928186951
4016.85116217, -1120.3409039
4023.27619314, -1280.91399933
4031.69836415, -1441.59401376
4034.44987202, -1595.96185109
4039.41235791, -1746.44232735
4048.74334035, -1890.14665145
4068.46856024, -1989.34300068
4078.86675429, -2056.99562488
4083.13031014, -2108.2969123
4088.67689389, -2135.63251928
4088.08883943, -2146.61678948
4087.60770397, -2155.60391965
4086.96619002, -2167.58675988
4079.12084796, -2183.18966371
4064.33897526, -2197.41978105
4042.37043485, -2196.24367214
4010.73695123, -2188.54154817
3961.19982716, -2159.8522934
3901.60440471, -2094.57300401
3819.27287021, -2005.04357629
3719.71550832, -1900.57189739
3608.44260368, -1790.46585445
