221
0.0, 0.0
33.2694538095, 43.1061879922
22.445254287, 93.1944770895
28.9679605251, 141.261662396
43.2021156258, 218.406907412
74.1284219895, 316.608554928
106.811796907, 417.026665864
128.843829438, 478.96687528
143.81324995, 514.924022686
131.409588542, 622.20938601
96.3593955628, 681.576750547
51.9555338835, 708.656208961
-17.2829026394, 732.864449456
-111.614031588, 712.898525705
-221.833370783, 664.922518499
-341.900111348, 571.514928817
-463.597236441, 422.552484745
-587.120105695, 237.139160597
-731.911321919, -8.11275826221
-840.550031107, -287.438071948
-925.571328225, -588.192754433
-961.882520847, -866.20264147
-958.321042506, -1071.14974653
-929.24773233, -1226.84092366
-868.392084008, -1352.68443786
-785.613334218, -1441.76686364
-689.581977013, -1506.1639011
-572.201761923, -1528.83293517
-438.514197178, -1518.41012209
-294.324476565, -1485.63323283
-155.951785049, -1411.24910655
2.19622012009, -1264.11240664
172.942078206, -1069.21281211
357.089730227, -833.504003929
552.078166612, -552.248764553
754.548354425, -239.928699481
911.219911117, 15.75669964
993.916981872, 118.937097432
1026.69862067, 122.727105084
1026.29131656, 65.3003334237
975.20489494, -93.6184430807
890.740088444, -320.822528571
817.972098093, -570.834167461
752.542590306, -832.077309975
731.855572694, -1097.2075559
727.079267823, -1264.86550206
762.818553103, -1330.19316456
834.342128653, -1321.92405695
930.269304328, -1263.52048714
1078.97721223, -1104.38859804
1231.72141006, -884.390393438
1389.04772125, -651.782500607
1525.76043996, -502.090708777
1584.1225862, -414.810356539
1598.15071448, -440.368361486
1614.48765241, -538.139034283
1622.54481554, -686.193355808
1623.15456505, -848.195294703
1651.45827201, -979.815582547
1711.58457258, -1090.64350313
1784.37740166, -1119.47411244
1882.25108787, -1051.78554953
2041.43273149, -913.589296566
2239.18937238, -708.520257015
2387.69008535, -477.939385628
2502.10556818, -231.166013302
2598.41637734, -10.6456558776
2589.27940264, 181.576912239
2553.59104, 359.656503356
2513.1950481, 404.312564964
3247.17598317, 46.2399648328
3308.8805775, 52.367202277
3323.78724006, 27.9174290405
3339.53218144, 13.6311831749
3404.55555324, 43.2953217757
3515.38347382, 103.42162234
3652.90605121, 219.987229226
3805.47856003, 354.399392196
3943.75890532, 499.239117773
4077.30795073, 615.345329792
4128.06166151, 724.899247303
4128.0379909, 829.589263253
4095.84718053, 916.467060922
4041.73326869, 966.583770168
3968.29160276, 992.319381784
3885.04279092, 963.568115263
3809.48292544, 894.432692149
3735.9157436, 799.35446248
3671.76023889, 648.991331312
3619.2210394, 493.931238066
3572.49886902, 297.263907799
3527.65453355, 75.6471539723
3485.56064964, -143.638287717
3442.08858112, -351.003133482
3398.69110587, -550.306066579
3354.24815685, -688.323544758
3311.17747478, -812.089114874
3281.85905045, -924.198124302
3252.68389499, -994.010804409
3232.09872266, -1033.6371931
3217.16363996, -1052.47713217
3201.68865147, -1049.23294796
3171.95583726, -1018.4439928
3134.08059947, -969.469853071
3113.38532796, -860.1231305
3109.61190515, -731.706771416
3116.38089366, -589.991631807
3151.72829156, -442.959113424
3193.72507972, -301.197800704
3251.13409842, -223.087592843
3308.39984825, -187.273714303
3360.40622773, -210.454234002
3412.19474509, -283.992995688
3454.97413989, -392.799812479
3495.08359406, -522.048532728
3530.60501722, -637.734437216
3584.34596275, -728.160709796
3643.66240465, -805.862445433
3710.0012031, -848.525823399
3775.56448069, -840.945808094
3866.72010103, -802.220456179
3969.85907524, -701.709999021
4085.56156457, -570.553855577
4203.93399453, -418.955808674
4317.9362556, -203.436704021
4421.01130374, 10.8190647482
4479.5226365, 114.22324232
4508.09512823, 145.71312508
4517.99462037, 129.74440392
4506.58551007, 62.9923837089
4481.96404782, -37.5003204871
4440.46099233, -166.117956855
4419.17014287, -295.41876787
4411.90150403, -424.105079844
4421.3190988, -505.562485331
4439.78607158, -560.807131374
4471.20136108, -597.441535771
4521.14046366, -602.741161582
4598.38872208, -565.623691702
4692.51857375, -500.381289649
4794.2047701, -396.012149232
4892.21580752, -259.854753016
4968.940745, -105.018439549
5035.66317694, 14.4349700955
5057.77572039, 58.2645881911
5065.41849365, 53.1082312458
5061.52547259, 34.5382450579
5057.07004325, -31.4098341364
5029.3535833, -131.253701489
4986.62744738, -257.999420586
4969.49365421, -353.599803073
4970.92392958, -426.920702634
4984.38373193, -473.6842966
5011.32583913, -497.749268229
5058.39964145, -504.386823184
5115.89508871, -470.559710632
5219.91851486, -395.113525751
5320.07734009, -294.947614743
5418.08837751, -158.790218527
5517.55219279, -26.4915055692
5596.49951135, 100.415235356
5671.22701566, 133.214627112
5679.02489309, 118.009591512
5665.9676453, 74.2202288734
5642.29931059, -17.1023309454
5567.93410539, -131.399383645
5514.58504724, -253.333291947
5469.63061259, -325.976934516
5455.35028438, -367.894379884
5462.7290224, -388.181179168
5482.59668227, -385.884204834
5536.88228312, -350.414872444
5632.65435463, -281.962623976
5756.04579032, -191.190637125
5845.85164621, -97.2549769703
5918.31059633, -1.29821302501
5986.1992684, 29.7038547197
6011.57374903, 10.4909493423
6017.66073101, -42.1583493262
6026.73377964, -120.635605832
6017.84542346, -183.069547918
6023.35816186, -230.751931618
6054.15895232, -253.364125387
6106.80825099, -247.2771434
6219.8988081, -224.135711037
6360.06882363, -156.590416995
6516.89073496, -58.9334247937
6637.75549889, 53.6929879198
6703.79475619, 152.93419154
6732.6597033, 242.844228955
6735.13428431, 282.390106728
6719.96358651, 291.709437625
6692.87821044, 273.478079933
6644.36938323, 205.456806183
6601.29278351, 107.863740055
6563.34412058, -25.3762651318
6556.62130518, -202.319204389
6554.45218299, -409.942167736
6548.78667666, -700.515569888
6535.86319867, -997.968059736
6494.40156676, -1309.79322402
6451.44098387, -1582.53190539
6374.58461283, -1832.00955616
6269.8270894, -2040.41987568
6143.00794516, -2179.90788468
6028.67180513, -2270.63961607
5944.07914648, -2270.35307834
5872.50348017, -2217.22188231
5805.96340443, -2129.28202604
5784.11964575, -2010.00147353
5792.34141213, -1872.14501718
5858.90282224, -1716.4704249
5982.80457545, -1516.9200414
6145.13805706, -1292.79320065
6368.44678525, -1047.52352883
6594.12116338, -787.887100226
6844.21689459, -556.63372138
7107.65166179, -344.978049518
7314.785642, -212.311119794
7447.08318684, -137.622702819
7528.53467467, -102.032604059
