211
0.0, 0.0
-7.60126599543, 29.1756877428
-10.8473927824, 49.9232818415
1.71417117256, 73.1441153969
24.3035437506, 129.311011755
57.6330964068, 207.401606066
89.1077194705, 297.347968432
109.714555149, 385.593978672
121.953813059, 475.567311198
108.041841115, 564.485571621
63.9997464725, 632.495084923
-2.45674867911, 694.973355163
-102.498011101, 719.807722743
-214.112856806, 721.575834234
-327.354387649, 675.517656977
-441.140561368, 574.717326271
-561.372291832, 437.482742475
-682.303242638, 246.493985902
-762.841442111, 17.289713635
-812.066839477, -237.38038719
-835.685649864, -545.73756936
-806.081111305, -825.524222538
-718.373836317, -1082.04992089
-603.298438417, -1248.25958607
-488.545346562, -1347.71675227
-353.76360762, -1400.51715803
-209.451338169, -1404.2546553
-53.2964517746, -1341.36068536
123.875062378, -1231.6553775
305.59708241, -1028.11887602
488.576116774, -780.862585938
647.467368661, -509.034386382
790.732477431, -221.4320418
884.342670087, -49.9003192795
904.794928299, 39.333671632
889.706184569, -6.55020148967
835.460641302, -170.910844697
769.096871876, -413.079897443
695.642265681, -706.966645747
689.740015946, -986.235626208
740.831490219, -1254.5631523
814.22357674, -1413.12418672
914.210898842, -1476.4292846
1042.62141596, -1475.56957917
1180.11912579, -1371.05938928
1359.09887271, -1195.28040819
1530.44380791, -977.172835695
1688.59571819, -713.557636442
1791.78313818, -570.892446732
1861.11675724, -509.436370812
1876.40677527, -542.469919649
1891.09163454, -636.328083429
1911.95959246, -769.705474063
1943.17108949, -904.501032051
1993.02003641, -983.748003545
2053.11188529, -1024.95443141
2139.0662037, -1011.50619187
2262.4230292, -907.184125158
2409.63281717, -735.363642308
2542.25838301, -509.143706657
2640.33159551, -269.098617164
2714.50514871, -18.6225025252
2719.73514827, 226.127670314
2682.86480087, 403.560974636
2617.75280608, 535.076860122
3382.2386562, 22.0833075644
3382.2386562, 22.0833075644
3426.85893944, -4.33695594896
3469.09346925, 10.3682979279
3524.29277954, 39.2479818519
3616.78014073, 114.448301136
3739.20950143, 224.698251873
3881.27086826, 358.263097757
4007.7527888, 429.672647378
4121.55935712, 582.096612052
4185.52355407, 781.379279405
4235.58168671, 888.403497958
4231.24036655, 980.843494384
4196.36570717, 1061.4211472
4139.60089555, 1139.58607643
4086.57948883, 1180.88656589
4041.68359638, 1196.12988708
4007.10427288, 1190.71967577
3977.72006735, 1145.63566014
3946.33293032, 1081.00712442
3918.68919819, 979.514148931
3901.98034488, 853.415718246
3888.7327117, 711.664174287
3879.79285296, 490.62553756
3865.69799753, 263.719532681
3834.59237734, 29.0912300562
3799.99856686, -209.119324447
3755.69992174, -398.240000314
3729.8907246, -563.212377829
3707.84532697, -713.425561149
3687.05694366, -819.918955872
3667.86827534, -897.821427001
3652.65849986, -955.870223111
3641.60916485, -975.81795972
3629.71985107, -964.519985653
3613.75100731, -933.616975624
3599.06614803, -839.758811844
3593.97233514, -690.755278093
3599.12142422, -503.711200717
3611.28043958, -322.655523243
3654.23458434, -202.572462622
3714.70334752, -123.272218742
3779.35227784, -103.035721804
3840.27752993, -143.099591534
3898.18489969, -222.097923971
3949.58619683, -343.612970992
4006.33061384, -473.401534192
4066.13303447, -609.796807159
4121.50664889, -679.069910348
4176.40995536, -712.990802709
4238.47119003, -721.499806831
4322.2278782, -681.066934226
4416.65765502, -592.40455635
4516.1753371, -471.569003001
4588.5472331, -319.554830407
4645.63568663, -166.895377789
4681.66739113, -15.5060906159
4702.40183411, 52.5165737988
4715.24558284, 54.5260808574
4717.57082039, 7.318101973
4715.89019493, -78.9789170837
4711.06407984, -183.987053021
4728.84048843, -297.604830228
4760.10592578, -393.929657908
4795.00755532, -455.271945567
4836.07913239, -491.356922453
4895.39151839, -495.23517815
4962.81626754, -460.394064482
5036.25638676, -399.30765937
5104.5954496, -305.617892102
5160.11773386, -194.702266739
5205.88124317, -73.1674930477
5230.37948566, 9.61436556235
5238.83454946, 33.204869925
5241.30778892, 17.3971791831
5229.89535866, -39.0453263915
5217.4410074, -134.11313974
5202.08980557, -255.950492807
5216.15635498, -345.856733901
5240.19019714, -408.899373687
5278.54647125, -453.506505808
5318.34788288, -468.534733663
5376.60519678, -446.261759506
5446.28151649, -399.934548589
5520.58200907, -318.470220185
5591.11212659, -219.376817162
5656.97794997, -109.879359153
5714.97347369, -14.7714245318
5772.79402535, 29.7008567928
5790.57767743, 32.4832511816
5787.5597951, -6.45121152461
5773.62018506, -85.5567566656
5737.70293676, -192.392852036
5702.27639101, -282.957524267
5686.69694472, -345.112820529
5684.29737225, -387.999205921
5693.74699228, -396.642392906
5735.17508905, -363.844332012
5798.42624662, -302.327740217
5884.17929073, -209.962078713
5969.89878913, -104.443513548
6054.22709034, 9.96687765905
6145.97510991, 76.9541966405
6201.51712085, 90.7050155618
6232.21161309, 69.1911096895
6242.72288078, 2.00842403674
6254.9345006, -76.0420490012
6256.21781716, -161.87533566
6281.39421745, -225.75137865
6339.75216849, -242.937115473
6419.77860287, -230.416340724
6561.85312081, -161.628032468
6735.38186721, -54.5169958143
6930.05484868, 79.1820329324
7096.75521641, 210.528853973
7181.8833751, 339.234706977
7213.72109342, 465.675838309
7200.42743134, 550.642176046
7170.07563974, 557.027216916
7120.93182079, 508.851651963
7029.25089264, 415.558525662
6944.80155969, 288.983211466
6870.66879569, 141.754364763
6834.22005562, -84.6004216836
6819.33191825, -358.190157174
6816.46070196, -663.301212557
6826.15762519, -977.579703199
6853.79277796, -1290.06378012
6882.28172854, -1549.78166494
6871.76912498, -1780.17586011
6794.39680975, -1939.04538153
6672.49169732, -2046.17681278
6535.51166021, -2115.18021438
6417.16249743, -2096.24676067
6310.28628078, -2014.78833989
6210.07071423, -1891.8011852
6172.11832457, -1707.45201617
6178.84015846, -1511.05238036
6262.99415553, -1298.48920204
6420.25872228, -1074.48729123
6625.10093872, -844.053642722
6864.09229197, -618.39874455
7110.92697473, -397.589688144
7367.58752387, -213.705587386
7618.48134201, -64.125200909
7796.70135271, 51.8171459124
