762
0.0, 0.0
-7.23729047827, -26.9002161057
-12.3414113835, 21.8332215915
-12.3414113835, 21.8332215915
2.57698791153, 23.3957075829
27.4409867366, 25.9998509019
60.9335569569, 13.4201951022
99.1905954767, 3.35048787223
145.612445086, -7.87501340162
199.886608587, -17.2726288604
263.111811664, -25.7327527243
330.419420287, -34.7707736102
398.721588862, -43.7046287633
465.034637531, -52.846815382
517.84050979, -67.4255620713
561.799508204, -83.9363603084
599.7911469, -101.072152942
616.584529385, -117.411746105
618.66784404, -137.302945165
596.663417374, -176.809972478
543.978895272, -230.590462722
472.965660102, -301.372666917
368.449883728, -378.680185884
267.334450143, -459.653447465
172.811370674, -545.969074368
85.3543766081, -632.550101094
8.7904446507, -707.935539497
-61.540727765, -775.6298981
-120.713438249, -825.062582976
-153.023059017, -852.577822494
-168.784755158, -865.288799434
-161.822835487, -864.559639305
-151.971430706, -843.418451452
-108.0395877, -811.669543281
-46.9248546846, -751.978761677
30.0557402038, -680.571563086
106.307174963, -602.202444824
171.769713346, -536.023474838
231.567418226, -492.55814968
274.921364211, -464.891647054
302.721945521, -451.925241274
320.462790584, -458.110903441
333.486264722, -476.85627944
337.757059765, -517.633237514
334.212667308, -589.392817237
324.899275615, -682.871481836
309.35312438, -784.041226235
290.45372773, -891.594993283
276.365896754, -1006.68857702
264.788014347, -1126.54662907
255.20922283, -1227.09137907
248.150350867, -1313.2956268
242.882238328, -1378.19745258
241.394005118, -1421.58852496
244.414811368, -1450.4307636
244.935640032, -1455.40356336
243.893982704, -1445.45796383
241.810668049, -1425.56676477
243.413037975, -1364.06528177
248.691121498, -1280.05848542
537.633697368, -554.010836947
628.974736497, -446.913616764
661.701020197, -423.376617057
685.940024625, -414.80511402
703.472538223, -419.001656281
713.56940086, -429.004324169
715.652715515, -448.895523229
723.542155798, -476.22237325
721.533093925, -514.64064586
715.697055347, -564.519906618
706.773171177, -613.717104621
689.788641651, -662.753068533
663.691838457, -720.787169396
631.153944255, -784.523230154
583.583514042, -867.932187523
512.190742332, -963.890887741
426.702926205, -1088.47352415
326.817539447, -1219.59144631
221.6939531, -1358.29628254
111.805898453, -1499.51106734
-1.43540160842, -1647.10987479
-107.761879374, -1783.92975684
-210.839277457, -1913.3710563
-289.251037196, -2019.11412196
-353.208157946, -2109.26669655
-407.162610808, -2189.3224085
-444.720402149, -2243.52953266
-457.555486789, -2264.98321771
-457.555486789, -2264.98321771
-434.311042314, -2256.51588041
-383.823971584, -2200.95460172
-312.592433964, -2113.05654686
-218.466075458, -1984.552739
-96.7945644834, -1831.04364019
43.2056595604, -1660.53282743
190.84986603, -1486.20500895
338.843696089, -1344.01560617
470.232533161, -1225.68567127
592.55619394, -1126.40363859
680.164451113, -1050.86693708
745.25742394, -990.759492542
795.83868942, -955.297744383
818.770636697, -943.846727219
825.362990812, -949.189092541
820.692717261, -971.798571636
809.467215987, -1018.22042125
782.792515771, -1080.33692765
747.052639262, -1161.50133628
710.839031463, -1247.7427104
676.557475212, -1342.83095836
649.227867648, -1456.29501677
629.219774329, -1582.06336017
615.481566942, -1729.29535961
610.902730597, -1877.57898735
621.165283223, -2071.56527556
644.498407361, -2294.34670504
675.730942765, -2525.35001396
710.259655227, -2759.02450554
738.860891904, -2916.90410923
760.056390573, -3023.27492682
780.683963202, -3114.62317939
796.879506698, -3173.25511924
800.941970276, -3212.04295741
800.941970276, -3212.04295741
797.816998293, -3182.20615882
783.449340612, -3131.42653286
768.580796235, -3037.46416599
754.205925114, -2900.21489247
669.505816689, -1515.50485364
704.754777485, -1372.05273354
717.381530659, -1348.60992858
728.701226683, -1322.2876095
740.70298546, -1292.87744482
753.689333208, -1282.46808499
768.607732503, -1280.905599
785.515251704, -1279.13478154
808.275993906, -1294.8493803
838.727815909, -1316.79673861
874.246632427, -1358.32279878
906.042637972, -1412.30440705
937.932838267, -1486.38554585
968.344776336, -1584.75278644
993.357280725, -1698.76758647
1015.22487116, -1821.15552904
1039.01454217, -1971.49531604
1056.72271674, -2140.57050805
1075.9933773, -2324.56409936
1095.36820359, -2509.55225061
1114.84719562, -2695.53496183
1117.9123417, -2840.00158385
1129.89140097, -2954.37597845
1132.08609479, -3061.73138501
1135.44655365, -3141.81700992
1133.05795524, -3205.41177855
1123.1494821, -3235.60817171
1111.05352857, -3244.91880586
1088.54821521, -3241.24309227
1056.89350179, -3217.41077979
1022.42631358, -3166.72534857
982.996296593, -3097.45577545
939.181347846, -3005.51965488
888.044884855, -2901.27924931
830.998130504, -2788.60863283
767.264827289, -2650.4961205
697.564164357, -2513.00860257
633.555490335, -2401.06714622
577.284993488, -2305.40821468
540.421993428, -2231.84790454
514.025421562, -2162.21873685
512.909511453, -2093.96366565
514.19938418, -2029.4785028
537.947472896, -1958.61928828
574.312343802, -1883.42223937
633.343762162, -1803.84025871
695.775523311, -1727.92402066
764.695472843, -1656.35558797
835.917039479, -1587.56250369
907.128635131, -1537.87438997
962.786866108, -1502.8863731
1003.56382418, -1498.61557806
1034.1297829, -1502.45252574
1049.14237695, -1520.98957028
1054.55899505, -1572.70668784
1043.94851719, -1644.20086774
1013.80643484, -1730.81180741
970.620936386, -1836.88731223
920.255215813, -1960.80782785
869.046198394, -2095.87683442
819.779203506, -2220.68774426
777.588265006, -2326.65908335
741.109257383, -2419.96654287
708.769723663, -2504.79669411
682.350452287, -2578.95208569
669.021694391, -2643.69267738
665.174775719, -2693.36360667
667.778919038, -2718.2276055
662.644885182, -2726.80907952
662.644885182, -2726.80907952
662.644885182, -2726.80907952
662.644885182, -2726.80907952
662.644885182, -2726.80907952
662.644885182, -2726.80907952
662.644885182, -2726.80907952
662.644885182, -2726.80907952
662.644885182, -2726.80907952
662.644885182, -2726.80907952
666.784359085, -2718.33177123
665.534370292, -2706.39705179
686.383002914, -2675.05483557
712.214406285, -2624.08682011
755.588294237, -2558.21037634
820.123312009, -2463.9753962
899.899197258, -2352.05663936
996.431338601, -2227.32273985
1105.74149623, -2090.1903606
1222.12771024, -1934.21841059
1340.35178105, -1766.99380391
1465.00697188, -1613.1722079
1591.75544835, -1460.13684038
1712.83909132, -1329.81511769
1808.63210155, -1217.22426908
1893.10541576, -1130.95573955
1950.24190896, -1071.68162088
1976.32874117, -1032.75249059
1982.41023761, -1014.01708557
1967.02807801, -1001.55156649
1932.06721655, -994.153041916
1884.48957289, -991.092351732
1826.07593549, -990.172044561
1202.53881825, -153.572102278
1208.4219542, -113.742606783
1208.4219542, -113.742606783
1203.44915444, -114.263435447
1203.44915444, -114.263435447
1205.53246909, -134.154634507
1199.23267021, -170.00589019
1192.35497431, -209.939551417
1190.34591243, -248.357824028
1189.22724478, -285.677370953
1193.08137689, -322.476089214
1191.64024106, -375.916926853
1199.45267101, -450.508923328
1214.79494668, -539.394324702
1230.98051919, -617.131235127
1249.15521161, -694.659814087
1262.46127, -773.703781663
1272.35701461, -868.186977198
1284.54440534, -984.5504917
1303.1629161, -1114.31701688
1316.70446136, -1243.60981077
1330.35017235, -1373.89716461
1344.10004907, -1505.17907841
1357.74576006, -1635.46643225
1370.245648, -1754.81362661
1373.27366769, -1870.1255128
1379.37956198, -2005.22443232
1392.60861004, -2131.53354635
1416.25698892, -2251.72403756
1440.12367025, -2354.7986781
1465.08907727, -2458.76371286
1493.45482707, -2566.39449023
1524.91839345, -2655.60235979
1560.99516503, -2731.25595556
1602.41430192, -2800.31719721
1644.94213548, -2851.16386252
1686.21998025, -2890.07580838
1731.22063599, -2916.53220615
1775.54919996, -2926.97147894
1818.83610661, -2927.46515219
1858.46724162, -2912.25419767
1901.92535334, -2885.58225499
1948.63254474, -2851.53172972
1999.06254711, -2805.02565634
2056.19904031, -2745.75153767
2122.34364145, -2676.48472209
2200.74543021, -2589.84662701
2286.47870419, -2496.40784634
2369.80619534, -2399.19915733
2448.93714422, -2319.52298192
2523.30362481, -2242.35675508
2586.15204889, -2170.41875684
2640.04943339, -2099.41825019
2687.56279525, -2025.06449813
2720.05359207, -1951.27867211
2733.06985277, -1883.55440056
2733.57349701, -1821.16252335
2718.68501067, -1765.41009762
2689.19062223, -1714.20383774
2649.95896572, -1666.0283551
2598.68842405, -1618.1083013
2535.17066574, -1568.45455643
2464.58682202, -1518.53541174
1781.21317516, -398.627174973
1746.78311335, -377.096479596
1731.86471405, -378.658965588
1723.28324003, -373.524931732
1716.32132036, -374.254091861
1707.63568061, -368.125498052
1706.80235475, -360.169018428
1710.42099998, -346.718910375
1716.97622771, -322.906539861
1730.75877493, -291.298923814
1752.69616225, -279.952072384
1776.00764607, -243.324559197
1799.53743233, -189.581195344
1831.01372724, -154.109476201
1845.73376605, -131.452899731
1850.70656582, -130.932071067
1850.70656582, -130.932071067
1841.75552624, -131.869562662
1833.58074417, -149.818739191
1809.01927156, -174.511532941
1774.55929679, -210.295749282
1733.080334, -255.864331063
1683.17116029, -307.343204203
1630.95039849, -375.151699522
1576.78761417, -453.218291569
1520.73987567, -532.487775035
1467.94121685, -604.378675899
1434.61709416, -670.208022295
1412.91519371, -731.80370004
1407.76121788, -778.595115206
1411.51118426, -814.399273514
1413.90699612, -837.274152433
1445.24921234, -858.122785055
1482.03795962, -873.373623515
1545.36732843, -882.828307332
1609.48292573, -890.18970551
1676.95176844, -891.16708104
1737.61992557, -884.812971341
1796.39315755, -898.766723634
1845.42912146, -915.75125316
1883.46785753, -942.936811057
1915.27383406, -977.813448754
1927.2357089, -1024.82316637
1924.95127622, -1089.41249496
1911.6696157, -1164.20285191
1894.04014981, -1245.48139725
1879.18603232, -1324.45832549
1865.2793774, -1393.28132273
1865.56196164, -1453.5799143
1871.91607134, -1514.24807144
1883.35711752, -1556.28498929
1900.61426031, -1586.65258752
1922.9483686, -1617.49391705
1949.83861372, -1643.8361781
1982.4878871, -1667.56432485
2017.7041774, -1687.00173459
2051.13967926, -1708.6365957
2075.83247301, -1733.19806831
2095.8649642, -1761.26404944
2100.76075364, -1808.00836723
2096.96093234, -1867.72906179
2084.09593475, -1946.49765856
2071.23093716, -2025.26625532
2061.34961943, -2103.7223549
2057.80522697, -2175.48193462
2064.78433107, -2242.11745147
2075.59041186, -2297.29198017
2101.37196032, -2341.84881758
2133.38626831, -2378.71457518
2168.8009191, -2419.2460754
2203.84600432, -2465.84910106
2231.23713614, -2535.37410303
2254.90545699, -2617.35465309
2266.15535613, -2724.76712801
2253.73417688, -2855.773671
2230.73243271, -3000.95948217
2196.78055809, -3166.39608698
2158.16838089, -3335.3372003
2116.30712401, -3511.65689623
2071.40511892, -3697.34429467
2019.81656496, -3857.58979726
1962.47895373, -4001.34444358
1915.62771266, -4110.82029119
1868.07722442, -4156.01930742
1845.2023455, -4158.41511927
1830.90172716, -4079.47531743
1818.61017069, -3962.11724297
3048.38014675, -881.257329571
3048.38014675, -881.257329571
3048.38014675, -881.257329571
3048.38014675, -881.257329571
3048.38014675, -881.257329571
3048.38014675, -881.257329571
3048.38014675, -881.257329571
3048.38014675, -881.257329571
3048.38014675, -881.257329571
3050.40639304, -910.203733941
3058.08750186, -935.541464056
3071.14810239, -983.441575891
3085.66702318, -1045.26552707
3104.20131017, -1135.82755115
3127.74552332, -1255.0234824
3152.27432543, -1393.2202185
3171.3194701, -1507.86001291
3187.43800327, -1613.75709922
3198.06290801, -1715.20221443
3206.2920009, -1793.77245072
3217.25931579, -1840.88633406
3220.07179058, -1867.73945279
3226.66414469, -1873.08181812
3225.4141559, -1861.14709868
3223.01834405, -1838.27221976
3208.1298577, -1782.51979403
3193.71510265, -1721.69040281
3178.98785039, -1657.87733173
3163.26603819, -1594.16842638
3156.59943129, -1530.51658938
3151.49531038, -1481.78315169
3147.22451534, -1441.00619361
3160.69456536, -1406.41489771
3196.14910008, -1370.52651563
3246.05827379, -1319.04764249
3327.74626862, -1254.18570064
3439.16689631, -1185.20422686
3570.47872305, -1114.13943841
3720.58302317, -1040.1009411
3854.40479849, -973.800620954
3978.74473458, -922.569963214
4106.01128218, -880.082013585
4224.4780533, -849.575880767
4337.49829337, -824.667542111
4430.36193456, -808.908603513
4501.97025117, -801.408670754
4558.66016849, -795.471223987
4588.27866463, -809.462102671
4590.46614502, -830.347861684
4566.10303289, -876.134745913
4498.54720887, -941.527487412
4395.69808422, -1034.74796563
4270.6932698, -1156.43114594
4118.51286846, -1297.04809175
3967.33699806, -1418.45590126
3842.96714902, -1527.00147071
3734.87982478, -1627.808863
3656.11844145, -1701.41351296
3617.88855834, -1739.60351214
3606.20926774, -1752.8923861
3606.20926774, -1752.8923861
3635.3169062, -1742.80549445
3678.5096181, -1723.19963718
3771.24193814, -1658.18643222
3878.42889718, -1577.58273619
3995.6185241, -1486.88217753
4119.19217367, -1399.53486428
4239.56384094, -1329.6158989
4329.15124703, -1272.9758365
4400.46700842, -1224.28228274
4449.57998266, -1194.00166581
4472.88149549, -1176.47912319
4478.11969508, -1168.89220913
4477.49470068, -1162.92484941
4459.96218708, -1158.72830715
4434.16069666, -1152.38141089
4032.24921486, -300.613155557
4032.24921486, -300.613155557
4032.24921486, -300.613155557
4006.49482181, -304.316024562
4008.0573078, -319.234423857
4010.24478819, -340.12018287
4003.7937262, -364.927113337
4006.71036672, -392.774792021
4010.1478359, -425.59527047
4019.59976217, -467.840519785
4030.87957426, -517.938082992
4043.20104368, -577.981245729
4051.74263376, -659.535161875
4061.53421264, -753.023797457
4077.70981417, -849.865678455
4087.91805598, -947.332553849
4098.02213206, -1043.80486929
4109.79285986, -1156.19014398
4122.39691352, -1276.53189829
4129.55443613, -1402.47144677
4142.470987, -1525.79688094
4149.52434387, -1650.74186946
4163.5867178, -1785.00746312
4169.42721227, -1927.17246804
4178.4126207, -2060.96433041
4192.37082889, -2194.23536411
4199.78378034, -2332.21379775
4207.40506325, -2472.1813513
4215.24464862, -2595.03305419
4221.30344554, -2720.08220844
4225.78978549, -2849.31793397
4229.60403367, -2962.53653452
4233.162853, -3063.71624991
4234.95085489, -3147.98844609
4232.24975927, -3208.59953486
4231.86025175, -3252.88100146
4227.61661211, -3260.36374979
4225.94996039, -3244.45079055
4204.71457779, -3214.49985524
4177.21928024, -3143.98029333
4155.29462144, -3030.64755606
5030.73033931, -205.085965175
5035.44771024, -192.526251343
5028.95952186, -188.178445974
5028.95952186, -188.178445974
5028.95952186, -188.178445974
5022.25303103, -200.946491272
5013.75578077, -235.016958515
5008.70597068, -282.802933633
5003.76032632, -331.583468705
5000.16883649, -393.293283166
4999.65522127, -474.790130954
4999.71950307, -552.204573198
5002.55913326, -627.317398337
5008.49658003, -684.007315658
5013.184038, -728.762513543
5029.86328377, -763.212517325
5049.27078056, -785.31113874
5087.31948761, -793.391726064
5137.04748526, -788.183439426
5208.97827006, -764.562215954
5300.39356197, -715.774467442
5404.27437296, -651.604559329
5514.96584052, -575.661165871
5626.65186803, -499.61360668
5707.61070273, -427.789745158
5769.29336179, -383.121528582
5803.64917082, -346.342752288
5816.1146899, -330.960592687
5816.1146899, -330.960592687
5805.43993024, -325.040330344
5780.57593142, -327.644473663
5744.81887048, -341.444205305
5690.58183337, -361.201325682
5636.448962, -381.953006011
5597.44282138, -403.131320256
5568.79894323, -427.246216984
5544.07623652, -459.999656092
5522.96220408, -498.407957719
5507.23763433, -540.273670494
5494.12717888, -587.898411522
5483.8391692, -643.271300708
5475.73863991, -719.529948908
5470.98138505, -808.509545031
5468.09911338, -915.391220308
5467.41429309, -1024.05368403
5469.34358709, -1138.475176
5470.0228923, -1240.96194853
5461.91239203, -1336.3255673
5449.03742345, -1434.19913464
5431.18965511, -1532.59353065
5410.10277808, -1619.26153868
5385.9851238, -1696.19227865
5360.3620519, -1749.14941402
5327.68286557, -1782.73617899
5289.56711918, -1802.81576755
5245.80648124, -1807.39905979
5201.05128336, -1812.08651776
5153.84320526, -1802.95430213
5110.50920125, -1792.41086361
5068.64348847, -1776.68629386
5029.34479262, -1756.6709871
4995.01889654, -1736.13485168
4965.82703431, -1707.01724223
4945.065383, -1671.98934143
4931.94771411, -1633.1444349
4927.36442187, -1589.38379697
4934.5075176, -1542.38405034
4951.70037859, -1495.33720633
4978.83883911, -1447.248705
5026.23806425, -1391.00536356
5086.25407158, -1330.42418774
5173.86232876, -1254.88748623
5277.3364478, -1167.63436773
5391.12573194, -1073.26806645
5498.93768537, -998.631730145
5600.41271352, -930.691913686
5699.15949066, -875.103479594
5781.4625089, -835.313868033
5837.74573428, -806.293210881
5878.47559498, -791.972650575
5906.79700495, -783.97904456
5924.6990841, -782.104061371
5935.37384376, -788.024323714
5936.31133536, -796.975363291
5932.53145603, -818.486116701
5919.63930303, -848.995007062
5895.64575646, -888.71036584
5860.34248485, -935.64307313
5819.43144809, -996.234219938
5764.53950363, -1067.33889231
5698.65033134, -1148.64459306
5623.2892908, -1225.91498564
5553.58311278, -1299.57670396
5489.94846021, -1373.60798784
5434.80108691, -1432.67377504
5398.60742108, -1480.70520802
5373.20265162, -1516.54649272
5363.45541258, -1538.68224052
5357.7434817, -1551.34612009
5363.34127586, -1556.79265114
5375.2759953, -1555.54266235
5407.15898215, -1543.15415359
5450.77832796, -1508.42156556
5513.82511252, -1457.5776578
5578.91808535, -1397.47021327
5648.03639536, -1346.99587106
5715.68641413, -1301.70266009
5773.43793075, -1267.50087171
5824.0662936, -1242.08888881
5858.51629739, -1225.40964304
5875.89754788, -1218.56186009
5882.85946755, -1217.83269996
5884.10945634, -1229.7674194
5873.05516014, -1249.02365308
5855.39853884, -1282.04249201
5826.64052397, -1324.26779935
5787.25484682, -1370.62260962
5741.11558145, -1419.69569993
5691.51890494, -1474.15825292
5640.14143999, -1530.81825729
5587.08735234, -1590.67027299
5534.71532743, -1647.43444309
5484.2282567, -1702.99572178
5450.18494487, -1742.75817793
5426.35263239, -1774.41289135
5410.84636509, -1799.16275346
5396.70422329, -1817.73692439
5388.48234385, -1825.63633565
5388.48234385, -1825.63633565
5388.48234385, -1825.63633565
5392.83014922, -1819.14814727
5406.70689118, -1807.64006175
5426.81639269, -1788.44089643
5452.16409379, -1761.65481704
5492.90392547, -1728.22928616
5542.75603082, -1685.80561833
5604.64702134, -1643.12652166
5666.85050906, -1603.43110485
5729.57482544, -1568.7084878
5775.23038853, -1543.81733357
5809.88872378, -1529.12720771
5818.83976335, -1528.18971611
5806.90504392, -1529.4397049
5784.54102268, -1555.9132871
5738.35465994, -1594.93661214
5669.86134432, -1651.37831406
5586.86629234, -1713.36074178
5486.80248707, -1785.17463232
5363.64550043, -1876.50018538
5225.7213776, -1980.43254965
5085.75106651, -2093.62845069
4969.96269148, -2207.308054
4868.10812679, -2300.42436648
4777.72452122, -2378.2626851
4739.59880384, -2417.44724423
4735.08976438, -2431.99607797
4752.99184354, -2430.12109478
4808.95260073, -2417.22172834
4888.48027058, -2379.73373388
4980.47345951, -2326.86357983
5107.96828054, -2248.15480896
5258.03545427, -2144.96157581
5437.37150055, -2023.62080564
5641.77987712, -1901.66501207
5862.7832757, -1774.95472117
6053.63737848, -1648.3857224
6238.44711123, -1569.70686449
6413.11288396, -1470.97557342
6534.60321888, -1363.73706111
6630.7730081, -1331.5443346
6703.75542121, -1298.76374009
6717.85046563, -1270.1398039
6695.71471782, -1260.39256485
6649.02746839, -1256.23314898
6578.41371173, -1263.62891601
6493.87611572, -1272.48300329
6400.38748014, -1282.27458217
6312.03287841, -1283.48468703
6220.17376816, -1280.03448932
6124.81014939, -1271.92398905
6029.23819915, -1261.82436887
5943.40351698, -1248.69397145
5873.95552534, -1228.81995682
5815.23936173, -1205.81099921
5773.32655158, -1180.0366642
5737.58943261, -1155.6264547
5719.85855853, -1130.33582196
5717.25441521, -1105.47182313
5715.27526629, -1086.57518403
5715.27526629, -1086.57518403
5715.27526629, -1086.57518403
5740.09216774, -1073.92127545
5748.51240767, -1087.11595466
5750.07489366, -1102.03435395
5752.57487125, -1125.90379283
5747.16546658, -1160.65632282
5739.13197663, -1208.75479514
5731.93181255, -1264.80974708
5728.814054, -1321.44259604
5726.06586102, -1372.00391956
5724.78595927, -1417.38411184
5725.17270926, -1478.67726337
5721.67541417, -1560.48660835
5715.5540338, -1655.64189566
5703.52236208, -1742.36697205
5687.61661627, -1830.50327133
5668.78425896, -1909.8968625
5648.3323473, -1983.42725968
5628.72373249, -2045.80916591
5615.03538002, -2097.51631248
5605.48650145, -2140.74615077
5612.33428441, -2158.12740126
5629.24180361, -2156.3565838
5664.52513325, -2147.63381766
5723.53660965, -2106.26177814
5798.8876792, -2048.09635613
5904.13261571, -1977.75075684
6012.04873487, -1904.10898048
6123.73476238, -1828.06142129
6239.29486397, -1750.60263922
6326.95021852, -1685.11570297
6396.06852853, -1634.64136077
6424.24864638, -1596.49845896
6426.51313709, -1570.11907152
6410.14638852, -1538.6527476
6374.25800645, -1503.19821288
6312.71939706, -1472.44110712
6232.96621133, -1440.57530469
5936.32746059, -1267.5335422
5865.46103263, -1157.31580593
5843.60065563, -1121.39751091
5836.02371255, -1097.05434075
5834.98205522, -1087.10874122
5839.22569486, -1079.62599288
5839.22569486, -1079.62599288
5840.16318645, -1088.57703246
5853.0254265, -1115.38305382
5864.04980975, -1153.44173185
5869.04976492, -1201.1806096
5881.78789727, -1265.20201215
5895.56768694, -1339.16901423
5911.0711967, -1419.99377024
5927.19970086, -1506.78588598
5944.68235954, -1606.5072811
5962.79001261, -1712.19603594
5980.84059733, -1826.9399961
5998.62578222, -1948.75004165
6012.27149322, -2079.03739549
6031.99870064, -2190.58934432
6048.38263364, -2289.42034523
6066.28195525, -2393.11998016
6079.71933477, -2521.4182141
6094.71920029, -2664.63484733
6124.84579657, -2808.27811448
6151.2024845, -2954.32716446
6174.6796583, -3101.6832716
6195.0789575, -3229.25234541
6220.09146189, -3343.26714543
6249.34760592, -3449.79919712
6281.47329308, -3574.12916223
6313.95857482, -3711.49257246
6345.39222825, -3858.01535373
6374.33587508, -3961.56372556
6388.21983049, -4036.52528759
6390.61564234, -4059.40016651
6384.28868805, -4046.99171578
