703
0.0, 0.0
-28.0238178657, 12.9871333337
-19.6105185712, 48.6973054837
4.32533255791, 50.4508820365
38.1139161368, 40.8941242322
95.3999567066, 39.0749057629
153.197457104, 30.274397381
214.012531419, 7.65744055327
275.923591078, -29.9194232302
340.413830517, -75.3287726773
402.71581115, -131.927917628
462.877006144, -186.678539697
504.940181411, -240.749689919
538.99914711, -281.369720145
567.194688881, -310.387153254
579.918863868, -333.519281797
580.941783524, -347.481861622
571.991431876, -362.175098344
538.107901968, -378.694977309
485.421287963, -398.597758639
420.985945463, -422.369309637
330.864887167, -465.068195473
237.485177246, -518.032615371
141.431341219, -589.241186375
44.5263094408, -662.51747733
-31.6065765043, -718.229089025
-93.6563437702, -760.87678981
-128.02574098, -784.451024377
-128.02574098, -784.451024377
-113.650359542, -775.376421989
-67.970627975, -741.949454972
8.42892820357, -676.191506283
106.232628897, -587.809176993
212.307209392, -502.831630708
305.515195408, -433.836911033
390.404828457, -374.47572674
451.530334282, -332.898418775
484.27040568, -314.456951239
498.232985505, -313.434031583
498.232985505, -313.434031583
492.738601912, -347.927679534
479.437325181, -399.036152777
444.125497778, -491.864353479
398.40571682, -620.54885771
344.466241111, -773.899869967
294.662205303, -928.953273726
249.161621414, -1060.62975935
226.427837619, -1174.59543433
215.855583932, -1276.64065691
213.503024996, -1354.01937147
213.046462106, -1416.218982
215.457629866, -1449.1307773
216.334418143, -1461.09870287
222.318380925, -1460.66030873
222.318380925, -1460.66030873
219.322687647, -1419.76989639
239.871924524, -1358.10362632
565.032413283, -609.34421466
710.605446133, -461.312150205
766.452053547, -416.110862167
806.367019401, -386.114270679
829.3055434, -384.433759816
838.913486255, -378.716467267
834.610034336, -402.093385404
816.369595117, -440.528868712
788.25454281, -494.727981562
751.262204544, -564.617658264
704.029924741, -645.284328858
650.937932896, -755.45801175
587.872669748, -866.362351539
508.777106824, -977.438415232
419.708272596, -1089.24513582
313.078470995, -1221.38932
198.349513497, -1366.15902094
78.2941844245, -1520.3430602
-62.7780800758, -1675.0641518
-205.771933147, -1830.92870192
-350.906571859, -1984.94472916
-482.374605391, -2092.83891881
-574.000738758, -2169.73918983
-638.384896208, -2221.58203186
-665.141004823, -2239.58510526
-660.154369171, -2239.21977681
-634.468653376, -2220.29244197
-570.329285521, -2151.42197304
-449.758784734, -2045.32883311
-292.922890691, -1900.48235459
-126.431580629, -1736.88026514
47.0884925106, -1559.72839747
228.981815553, -1442.12389487
379.008143588, -1313.81917595
497.459739374, -1178.80354924
598.500211053, -1107.22964979
655.004409675, -1071.00430592
682.198912429, -1058.98519531
689.61859648, -1064.45769826
690.495384756, -1076.42562383
675.100795549, -1112.6472558
651.680116134, -1162.49173168
615.053106317, -1237.36804404
578.378623335, -1325.28267478
540.3670773, -1422.31938107
505.446170872, -1534.16986294
476.487346586, -1672.65591457
457.892714579, -1829.43359047
457.834496436, -1992.874701
471.716977479, -2182.36685577
498.955632192, -2389.93143774
542.860297248, -2633.37420388
594.937183892, -2865.18878038
647.426872148, -3088.95167415
689.694787619, -3255.30798849
718.847607129, -3379.50989312
739.897558855, -3475.22770512
755.157152343, -3560.34024712
757.641385793, -3594.24936955
757.641385793, -3594.24936955
742.776425166, -3569.26871813
722.968590164, -3490.50546736
700.384258954, -3373.84378563
520.731356885, -1633.31805046
563.919431229, -1483.76274218
575.470843294, -1449.82802722
588.045175015, -1429.85589209
601.81043841, -1398.76702714
617.595948591, -1381.56767633
646.931236985, -1371.3970886
680.840359418, -1368.91285515
721.098773081, -1370.97686321
764.74008911, -1391.84395537
807.336604844, -1425.82243161
844.438736985, -1494.2945558
879.476861062, -1603.02509365
906.514487458, -1739.41412091
932.48543292, -1915.98849615
956.341185267, -2104.74999403
979.711070312, -2300.56584751
1003.23079862, -2539.48596466
1023.34203204, -2745.5673522
1055.80840011, -2928.68462321
1081.26417386, -3057.16809913
1102.38719128, -3153.88323825
1114.92147361, -3229.16864033
1118.64782378, -3280.03232398
1120.32833465, -3302.97084798
1111.35239047, -3303.62843918
1090.40852073, -3305.16281867
1057.27381648, -3263.47239562
1017.54503139, -3200.20610416
971.002968415, -3112.37196288
919.010283121, -3004.88354176
859.086453949, -2884.94132776
859.086453949, -2884.94132776
636.853837098, -2643.53365596
546.944552098, -2607.00530435
452.220355351, -2586.87258098
372.262461016, -2576.68753638
309.891126579, -2560.20067371
259.633849086, -2544.83167703
226.550329879, -2531.21254501
209.570176137, -2518.41901622
209.570176137, -2518.41901622
202.537701174, -2490.85918502
223.916253163, -2454.1991589
254.245156801, -2402.84589607
299.460901704, -2349.39932075
364.159202551, -2274.47182335
442.867556388, -2185.4830879
545.511761354, -2094.7407759
648.15596632, -2003.9984639
734.236531043, -1933.5205498
807.231304218, -1876.03348091
862.811241399, -1840.87852986
899.832884077, -1826.13410809
924.766062337, -1824.30746585
934.644387312, -1849.65344572
928.642255777, -1918.27541317
910.65031804, -2014.8481328
874.246217178, -2133.82603596
828.818698979, -2266.49984871
775.997089254, -2407.73680403
719.233644172, -2536.22770371
665.70325819, -2640.41742382
622.047485295, -2728.84351439
600.840657211, -2781.53384028
592.814567004, -2795.15668419
606.897685683, -2782.09277328
625.455980186, -2761.682244
673.345851196, -2689.99151758
737.846835613, -2584.99807489
810.034174314, -2475.43079815
886.112163322, -2350.53828601
960.389102613, -2214.74824113
1033.71989982, -2107.10255296
1084.35696263, -2018.16500257
1121.8351682, -1941.22097026
1149.0478397, -1861.01828633
1176.38105006, -1768.77461115
1193.22952929, -1670.28030295
1203.58258591, -1565.24309898
1205.41997313, -1439.77348509
1195.26384226, -1301.14501397
1182.76960932, -1130.60207468
1171.66362449, -979.008350858
1151.46115663, -840.113209502
1129.48323157, -704.356180917
1113.9057828, -601.218684875
1107.98746193, -520.435187315
1114.65089656, -501.89877345
1112.82425432, -476.965595191
1110.63228363, -447.045781279
1110.63228363, -447.045781279
1110.63228363, -447.045781279
1110.63228363, -447.045781279
1110.63228363, -447.045781279
1112.09359742, -466.992323887
1109.66426091, -502.264101899
1106.96825417, -547.582216904
1111.35219555, -607.421844727
1116.39372814, -676.237416723
1121.6544578, -748.04497011
1133.75034599, -817.346409408
1145.91929987, -887.645175837
1159.88930347, -968.841475011
1167.26893813, -1069.57151518
1181.43625816, -1180.83375964
1191.81158609, -1322.45421216
1201.89465127, -1460.08535615
1211.68545369, -1593.72719162
1242.51878407, -1740.86762025
1274.95584773, -1868.83963634
1315.41900159, -1983.18880852
1355.46935385, -2105.58966344
1395.08131196, -2222.00655557
1434.47407301, -2335.43146632
1474.71802981, -2446.78865711
1517.29637679, -2548.95070666
1560.43365677, -2645.05572774
1609.62796521, -2741.71968181
1664.63451254, -2821.91494196
1716.9157487, -2892.2830622
1764.76928221, -2956.9594824
1810.04363594, -3013.80341695
1848.96869843, -3066.09910998
1882.39566545, -3111.77884155
1917.52502397, -3153.32313321
1954.50290537, -3192.72663924
1994.81250408, -3222.86193833
2044.21858582, -3240.29865497
2101.09182478, -3250.16955617
2163.923434, -3245.56641772
2228.99077518, -3216.73516538
2303.22766508, -3176.20265771
2384.56638374, -3123.11769895
2473.00693118, -3057.48028912
2583.87454278, -2983.18107851
2710.26099433, -2901.72885408
2820.47101473, -2818.4536993
2918.56697818, -2734.06067853
3006.95634056, -2640.35197766
3096.97502876, -2541.51050977
3179.79322997, -2440.18852031
3257.52613731, -2324.19888665
3314.14345102, -2193.71333271
3339.96416253, -2053.45182388
3347.56631547, -1924.55183447
3314.05885899, -1795.65555694
3235.59861595, -1669.04990832
3124.75991808, -1524.76275348
2971.25535067, -1386.60940468
1990.19139264, -805.738928362
1952.4973112, -647.068968304
1930.72041447, -582.487494424
1907.73070542, -556.096714257
1896.76010698, -556.900436844
1889.89935592, -545.370905417
1882.91806601, -545.882365245
1873.94212184, -546.539956452
1873.94212184, -546.539956452
1865.55441507, -596.285774117
1862.763462, -667.680525892
1860.77623151, -750.0458761
1861.8540481, -833.18935637
1862.20491968, -947.469174751
1862.94671224, -1080.7712743
1855.4869788, -1170.55630856
1848.12590357, -1275.37431546
1839.57389667, -1391.30905218
1845.63834892, -1474.087204
1871.84294831, -1544.36037791
1909.43094776, -1605.77814649
1977.61823296, -1646.90592466
2059.11050678, -1678.03483899
2149.21339632, -1703.51952647
2223.06678902, -1726.18395646
2265.22491062, -1754.17846992
2288.19273903, -1807.64321399
2269.37148618, -1879.20968966
2216.42562571, -1991.37802682
2141.29749067, -2129.23579165
2056.44087392, -2284.85184029
1991.6257461, -2412.92993836
1939.65162024, -2510.98956431
1920.12530302, -2586.6184142
1923.77858751, -2636.48477072
1945.65043057, -2674.98960783
1996.93062772, -2704.32118434
2072.24533421, -2746.93215694
2162.66607904, -2790.44179845
2247.46818954, -2839.37646976
2304.80912704, -2910.37658867
2344.15070304, -2995.73020839
2353.43004563, -3122.39075394
2348.96971736, -3294.17580996
2330.74412568, -3497.04973093
2298.55595419, -3700.94657155
2248.80681532, -3925.18087575
2188.03960485, -4163.25722093
2098.22936874, -4415.49346236
1995.9909323, -4689.69649318
1884.8021442, -4978.59276073
1744.2487633, -5222.51436108
1646.69356409, -5369.03392669
1576.4496946, -5450.38378102
3440.65962368, -854.89084333
3429.5647745, -826.625947757
3428.90718329, -817.650003583
3427.81119795, -802.690096628
3426.42294984, -783.740881151
3426.42294984, -783.740881151
3426.42294984, -783.740881151
3426.42294984, -783.740881151
3426.42294984, -783.740881151
3426.42294984, -783.740881151
3434.9860924, -791.134972676
3448.14866153, -820.251064001
3469.4615716, -864.812929583
3494.59577818, -934.161842046
3526.27659242, -1038.12494131
3560.56217896, -1163.95617176
3588.98805346, -1319.2944145
3613.62193587, -1504.9908653
3628.74653363, -1711.43758129
3656.175081, -1866.84888972
3682.92044464, -1999.24860847
3713.48339289, -2115.32576468
3741.05064787, -2190.51250854
3765.20940795, -2232.8605228
3776.79012443, -2254.07106277
3781.26530025, -2246.72444441
3778.70800112, -2211.81799484
3680.72105018, -1887.10957573
3596.10512045, -1744.91202147
3552.14594914, -1706.01997527
3523.68373713, -1687.04887915
3505.26786212, -1668.34445327
3503.87961402, -1649.39523779
3539.63354745, -1603.66060929
3597.37615091, -1543.28021723
3707.53869814, -1473.04338083
3839.934705, -1405.18840778
3987.87514433, -1344.21606642
4187.19072714, -1286.49866481
4386.79857271, -1232.77057171
4588.83946668, -1184.88031002
4756.48537091, -1146.52863738
4902.09513194, -1135.86104668
5013.82136307, -1141.71333495
5091.92702264, -1112.92955578
5151.7191773, -1121.58393278
5174.29608473, -1156.02639568
5144.37998271, -1199.32797579
5080.45981192, -1271.19042611
4969.98312129, -1364.51191789
4834.818042, -1476.68767881
4682.06640281, -1595.16525781
4499.17575263, -1712.8428261
4348.83156931, -1823.12259098
4219.40566321, -1917.83233086
4128.67819875, -1979.62656355
4087.42616985, -2018.74523059
4076.45557141, -2019.54895318
4106.37538532, -2017.35698249
4172.24644909, -1999.49632858
4261.15098319, -1953.87852705
4382.6494573, -1887.82460371
4503.34420883, -1810.80008195
4627.20266566, -1749.58666288
4731.33377694, -1692.82653901
4823.30335812, -1647.98686753
4887.00804372, -1614.24204523
4924.22329094, -1588.45395933
4942.85465114, -1569.04075719
4935.48244025, -1550.52993585
4918.98815381, -1530.68205146
4895.63311631, -1499.30463564
4597.98635339, -652.789777814
4587.75715683, -513.163979561
4577.97377819, -461.74136292
4565.10347182, -436.614580117
4557.39152501, -427.152768641
4557.02619656, -422.166132989
4552.03956091, -422.531461438
4552.47795505, -428.51542422
4555.10831988, -464.419200913
4559.1999985, -520.269520215
4563.94926833, -585.095783689
4579.25633498, -657.17000731
4595.39271675, -754.250474879
4608.63577534, -866.583112164
4624.80146151, -1018.80883466
4631.37737359, -1108.5682764
4646.1766923, -1214.77081952
4656.40588886, -1354.39661777
4667.07347955, -1500.00637881
4682.94690297, -1648.24279279
4694.0528878, -1799.8365166
4706.54712074, -1970.3794559
4713.93417918, -2153.3287149
4726.13614936, -2319.88234567
4745.05273922, -2495.97085361
4762.67973919, -2668.14311871
4782.86032641, -2834.11222397
4806.95715647, -2998.79173934
4835.70088625, -3172.15493612
4864.95607586, -3352.49942281
4894.98568365, -3488.66925301
4924.55130477, -3604.81947491
4950.10202485, -3707.22631405
4964.77709282, -3784.36023902
4973.92847278, -3840.842557
4976.99723175, -3882.73029648
4978.67774261, -3905.66882047
4965.2996883, -3914.67035717
4948.34512709, -3915.9124739
4920.51491377, -3891.88167644
4887.91354997, -3830.09857941
6038.03842574, -108.115536708
6090.73949661, 21.0804273511
6053.98081228, 57.491951986
6064.29381951, 67.2716187461
6074.00042058, 57.9559386496
6080.00997589, 44.3586872728
6094.70692449, -5.70127378973
6100.04071984, -78.5061543073
6093.82310313, -185.245749784
6092.13184728, -312.710017928
6088.39846402, -453.358735837
6079.48112867, -564.306836904
6076.01070375, -653.799608404
6075.433602, -728.04021019
6079.30608356, -780.898548101
6086.33855852, -808.458379303
6095.19396384, -819.84177935
6574.43201918, 179.8461151
6673.20745448, 282.337155595
6728.46953638, 335.517060676
6756.36910351, 351.598545502
6767.07303171, 342.355931095
6780.0382844, 343.305785062
6786.38757563, 338.757543548
6787.41049529, 324.794963723
6797.5554905, 309.495320844
6789.43445396, 269.795840172
6769.37108439, 215.18392571
6723.98732746, 136.658040756
6646.37495897, 32.7093983549
6545.84965901, -86.955400425
6443.50142869, -222.79663036
6332.54258264, -364.282087155
6214.74857806, -508.273658038
6078.97709261, -639.54476582
5947.26798137, -771.520937974
5825.38601006, -900.771798971
5708.34454302, -1027.66267726
5582.66686772, -1146.16213689
5503.30092268, -1226.17492816
5455.09319638, -1279.84070055
5449.8398905, -1290.25236599
5462.29368337, -1282.32122211
5485.83861352, -1261.54536439
5571.57944232, -1200.11646014
5687.55422843, -1113.41092983
5824.37422606, -1010.13804739
5944.23966248, -908.107281672
6065.46775447, -810.990085917
6186.98810923, -717.862198683
6278.56676943, -654.00024604
6351.44100375, -608.554168408
6403.17776379, -575.686134383
6434.77437668, -555.323078276
6453.9171967, -542.891166048
6453.9171967, -542.891166048
6453.9171967, -542.891166048
6447.37430092, -549.386588658
6433.87570776, -570.429116611
6409.28597731, -604.316358405
6378.88400798, -654.672294113
6350.76895568, -708.871406963
6315.43153575, -787.66396215
6276.05733413, -879.78709848
6229.02237076, -990.519714364
6176.02903713, -1115.7263699
6119.6309205, -1249.20390524
6076.73510891, -1402.74852204
6033.98542871, -1558.2877931
5993.37653414, -1715.67558704
5954.61616246, -1870.92259535
5925.75599639, -2024.44161962
5902.00300482, -2165.5543242
5884.8403822, -2287.13328777
5863.73592422, -2395.96619572
5840.19841783, -2498.96127227
5826.36380064, -2570.1624195
5811.06786964, -2621.41702413
5811.06786964, -2621.41702413
5811.06786964, -2621.41702413
5811.06786964, -2621.41702413
5810.99109207, -2579.31008758
5826.21024548, -2485.94854641
5848.35950376, -2364.00425439
5873.54821659, -2228.80244691
5900.87771507, -2095.44916231
5932.48878482, -1965.79292347
5963.3947902, -1840.19905885
5997.0042261, -1751.50629805
6030.29951861, -1685.89819263
6066.73292388, -1622.0655444
6109.15029194, -1557.79450203
6158.03749008, -1486.03070992
6231.41947234, -1406.45631278
6319.03070466, -1315.812659
6419.75332105, -1226.21380551
6521.4988571, -1150.57753185
6612.85832024, -1083.72359781
6697.77354581, -1038.39805903
6758.99770985, -1011.85372371
6794.02469827, -997.255433319
6812.97391375, -995.867185215
6820.95253079, -995.282659697
6821.82931907, -1007.25058526
6812.27256126, -1041.03916884
6783.79218051, -1090.25164604
6729.26075551, -1153.40482242
6657.31449451, -1238.89011665
6575.34748905, -1338.14438616
6483.14054205, -1448.17564956
6382.51658387, -1552.80747569
6280.38383874, -1650.5310776
6179.02922366, -1745.18963244
6106.15870123, -1831.74531948
6049.63262196, -1895.04462725
6020.93304414, -1941.26512305
6012.90695393, -1954.88796696
6018.89091671, -1954.44957282
6031.85616941, -1953.49971885
6066.95622352, -1939.89875559
6114.23968837, -1887.30337603
6198.66533476, -1807.92258343
6287.0328165, -1741.28784647
6379.60880383, -1677.35282814
6475.39596963, -1616.19059413
6573.61618382, -1560.86619152
6674.05024934, -1508.38763892
6772.92805474, -1462.03918049
6842.47057175, -1425.86130979
6893.94066155, -1403.03961276
6929.11378135, -1390.43597662
6944.07368831, -1389.33999128
6944.58514813, -1396.32128119
6937.48331937, -1408.87373227
6906.13149608, -1446.26441529
6857.92376978, -1499.93018767
6787.02230908, -1572.30409782
6695.61537278, -1652.19635024
6590.1983835, -1746.1498407
6479.74728539, -1853.50697799
6365.96446997, -1970.13232222
6249.60247478, -2078.92518078
6129.39730244, -2190.00495636
6012.47637425, -2304.85484339
5900.90741016, -2424.32603763
5786.49259606, -2546.01108319
5668.62181391, -2647.89571753
5574.51515897, -2731.99647554
5506.53261398, -2803.15386149
5454.67531508, -2848.06288677
5432.41997482, -2872.75498732
5423.95549047, -2880.39386844
5423.95549047, -2880.39386844
5437.11434771, -2868.40035035
5472.6746766, -2833.70938597
5523.36292445, -2772.84312661
5607.78857084, -2693.46233402
5737.40808149, -2587.70893001
5897.40768083, -2458.6735542
6065.28723899, -2314.02068022
6267.75910333, -2189.89516248
6491.32096878, -2066.22991952
6698.53839105, -1965.82105584
6906.70566729, -1878.37744486
7083.54300088, -1801.25055299
7240.82471284, -1744.60725608
7391.07766171, -1701.51373738
7505.20763683, -1658.05860213
7595.62095788, -1619.34902481
7646.65265355, -1590.543365
7660.44350947, -1573.49014557
7649.81264696, -1565.24485829
7619.06351794, -1542.43058503
7555.40259361, -1522.02747953
7470.79779955, -1503.15875352
7363.32754717, -1486.9678655
7243.96243493, -1472.65109288
7115.62137851, -1458.99191148
6400.87795263, -1776.06262152
6261.19764812, -1990.84253802
6195.91853364, -2098.9010278
6158.83124905, -2194.86734127
6140.13424694, -2295.50243511
6121.75138823, -2373.05287357
6117.08631974, -2432.55276547
6121.17799837, -2488.40308477
6154.2871101, -2516.0578623
6205.10332059, -2525.36983051
6266.93760267, -2520.83975775
6354.35894233, -2482.3493775
6457.4196608, -2424.66499219
6570.50112373, -2353.21163159
6700.24488512, -2276.52684574
6829.69638375, -2195.85275138
6958.95427784, -2126.22232113
7064.42245218, -2060.3401217
7153.00913099, -1996.69736613
7229.84708131, -1936.92338022
7284.18490177, -1884.81386796
7306.90051681, -1839.03176629
7303.68562646, -1795.14937256
7289.20787492, -1748.08139289
7251.79159938, -1702.69392408
7202.2612669, -1656.18858929
7136.26224051, -1603.87101562
7064.83818432, -1545.93480761
6989.05949116, -1483.30422672
6918.60716958, -1411.25930751
6848.90738553, -1322.1136957
6783.39051455, -1221.63215702
6725.46505153, -1142.65342106
6676.5411252, -1077.05273941
6640.24271565, -1019.55121366
6611.07172739, -963.532882338
6591.24201175, -911.843595463
6574.98880302, -867.913728562
6564.04008522, -841.643487249
6555.81667858, -825.200385861
6555.37828444, -819.216423079
6548.39699453, -819.727882907
6548.39699453, -819.727882907
6543.41035888, -820.093211355
6538.86211737, -826.442502586
6533.90107424, -840.843476549
6535.43545372, -861.787346287
6537.40822734, -888.715178808
6540.11165786, -925.616282632
6543.3996139, -970.496003499
6553.18299255, -1021.91862014
6562.62663527, -1082.39024664
6573.23932903, -1158.81910724
6586.65039964, -1246.07243488
6601.98305881, -1332.18230402
6618.23997943, -1417.22178033
6630.21532877, -1498.56421088
6636.79124084, -1588.32365262
6649.01137978, -1686.69371008
6657.41393409, -1801.38633007
6655.50348118, -1925.85861682
6660.08845088, -2056.87379935
6668.85633364, -2176.553055
6677.47808503, -2294.23765638
6691.93766782, -2409.48920937
6704.81539796, -2516.835211
6717.47393103, -2621.18923124
6724.99969707, -2723.91392567
6733.25612, -2836.6118914
6748.8591613, -2953.78503296
6765.6787268, -3073.87709022
6788.31053117, -3177.50045356
6812.08579406, -3283.04540548
6839.21836678, -3393.35779598
6860.73230517, -3509.09521626
6879.25426217, -3625.05183362
6894.34584364, -3735.24368526
6903.04066071, -3853.92561378
6912.61226606, -3984.57546786
6922.69533124, -4122.20661185
6925.57790944, -4257.35723428
6928.9244743, -4412.52746501
6935.28861308, -4581.51414418
6937.14827162, -4702.70218678
6933.09703307, -4825.32595065
6924.98342031, -4947.24465016
6915.60209829, -5038.17314292
6906.97331382, -5112.0009431
