294
0.0, 0.0
-33.3096890091, -50.4625070534
-52.720155224, -20.726438024
-60.7193998169, -20.8363741057
-60.7193998169, -20.8363741057
-60.7193998169, -20.8363741057
-46.8581418814, -10.6449302215
-1.06861562521, 4.98578586038
67.3339625496, 48.9299242526
180.374999294, 119.489998032
341.177889423, 207.708083061
532.812948226, 308.351037297
713.462787725, 407.842923847
897.139827966, 505.376225278
1083.87155297, 598.951130444
1229.6896015, 685.963179747
1356.6193802, 764.714886262
1470.74277458, 829.289268606
1536.99437949, 884.204884293
1580.28938223, 935.804717023
1607.5996378, 986.184772015
1606.96750533, 1032.18042842
1230.62684748, 1782.07956115
1243.30629254, 1878.2628844
1242.79783816, 1915.25939065
1230.63406715, 1927.09335341
1236.53730652, 1934.17514449
1244.53655112, 1934.28508057
1254.89289912, 1908.42495575
1266.48276688, 1865.58017818
1273.54033511, 1788.66990103
1275.03821422, 1679.68019345
1276.81093354, 1550.69237439
1278.6386209, 1417.70493303
1280.83734254, 1257.72004117
1283.29716237, 1078.7369434
1295.05845659, 877.879601098
1308.3830788, 636.039872264
1323.09238287, 366.216529364
1341.40605212, 52.4385672332
1361.26930735, -301.321875852
1389.48909944, -680.969927782
1427.66346006, -984.473993967
1472.04338429, -1302.8941917
1515.56082304, -1631.32718719
1554.02050471, -1882.82242151
1584.74203998, -2153.42579782
1610.64269351, -2437.09665665
1624.88476924, -2672.92321003
1627.34458907, -2851.90630779
1629.29595452, -2993.89289932
1623.93191472, -3112.97785671
1610.85395136, -3180.16391832
1594.28155892, -3211.39460529
1570.10517901, -3198.72564107
1535.0502547, -3122.20014021
1493.40499051, -3002.76115173
1681.42309034, 490.152416363
1642.61589992, 548.624648847
1608.4816903, 558.156476241
1571.63634617, 546.649060548
1533.13474115, 510.116521481
1478.86826111, 456.365715491
1413.2900147, 352.454726672
1324.34616698, 202.218273198
1231.81495726, 21.9296844597
1135.54522345, -177.412078228
1027.53772094, -395.916950946
913.709431118, -627.503048189
795.496742714, -831.146757397
700.309366534, -1036.47421152
629.58369131, -1202.46179799
575.471634559, -1340.21841422
545.752568712, -1433.63563493
519.291056609, -1473.0029866
815.43010264, -607.851748134
1001.54669836, -542.287941053
1075.0862245, -508.274148351
1156.07857601, -507.161045523
1249.27592455, -520.881622185
1369.6081437, -544.230220312
1506.10375616, -579.357813164
1635.58628759, -613.581694515
1770.04086287, -645.737054665
1911.35735707, -667.797165003
2048.60551892, -684.912715512
2165.80060124, -698.303483928
2270.9006226, -704.859817448
2359.8922187, -703.636778539
2430.48839081, -91.6088539444
2430.13109855, -65.6113090173
2439.3331177, -7.47936561612
2472.57409665, 47.9826693078
2524.84076554, 101.705991278
2595.76209008, 180.688050795
2703.48753272, 274.177242728
2835.07328904, 377.995298647
3028.39209275, 501.663565108
3225.51813062, 639.385477648
3428.50618184, 787.18889799
3630.76916768, 914.980464839
3796.09061532, 1038.26395501
3938.51042883, 1154.23203994
4069.95876504, 1268.0491516
4166.69898838, 1360.38727584
4239.64760808, 1437.39700823
3774.14649153, 1980.05132774
3817.27263165, 1825.62938617
3843.80937615, 1713.98351213
3872.620772, 1582.36701062
3901.47339388, 1447.75079239
3927.91720548, 1270.09740844
3952.74598221, 1064.4191844
3982.821643, 840.81137007
4005.10418935, 602.09503605
4021.52472236, 353.297194227
4036.42641458, 69.4751732895
4052.67156262, -239.330744991
4072.13629956, -564.093926426
4091.8451315, -833.848559275
4114.95219847, -1132.55922774
4131.30728259, -1449.36439062
4141.83831824, -1706.24392909
4144.99898059, -1936.22221114
4147.89854475, -2147.20228728
4143.33154154, -2324.28176797
4137.2974044, -2467.37820115
4122.94795644, -2587.58674221
4101.71958639, -2643.88377858
4073.85965041, -2654.26761061
4038.58811511, -2634.75046949
3997.49253133, -2555.30770397
3841.12945871, 380.820799611
3829.66326905, 414.666427019
3797.66629068, 414.226682692
3761.91704619, 395.73366999
3723.64905534, 342.202736163
3671.69845269, 265.481585989
3600.66719207, 194.498771064
3517.36548553, 70.3423145791
3405.53374568, -88.2094497226
3290.99087133, -267.800457111
3173.69563644, -465.430990865
3046.57999194, -676.197717184
2922.14799793, -863.925389268
2798.38610124, -1027.64158556
2707.38747433, -1173.90590076
2639.65825466, -1266.84541228
2587.21293964, -1307.56996179
2552.2986966, -1314.05036559
2522.57310841, -1261.45388846
3406.31051792, 0.80963039452
3666.21725714, 9.38208092191
3765.85052229, 36.7538268709
3869.63783301, -19.8252693756
3987.50627384, -82.2114109237
4114.48380091, -152.473118973
4248.7217652, -241.636838858
4386.13809235, -343.758105177
4535.64948045, -452.713806392
4693.03643505, -552.560421358
4841.20436733, -636.53222523
5005.27459472, -713.28481792
5179.31639383, -787.90017936
5348.30369703, -858.584628554
5518.24967977, -926.255619015
5668.01890489, -981.202677217
5804.48703333, -1014.33045892
5906.7522421, -1032.92688536
6210.46662237, 736.413832311
6214.10569123, 835.4731942
6199.7084949, 864.278067706
6216.88227462, 924.519758337
6256.77904234, 1005.07562669
6329.83759813, 1074.08611448
6465.78026901, 1151.96159351
6643.63652194, 1236.41367042
6818.47931613, 1321.82442687
6995.3494055, 1405.26285619
7178.43880047, 1472.78524839
7321.66939258, 1529.75890444
7437.13624279, 1569.34938944
7531.64630198, 1605.65157551
7609.25416047, 1634.72080838
7390.8002973, 1520.7080474
7253.80601398, 1373.81159974
7170.59724033, 1315.66265315
7084.7048162, 1234.47465234
6998.00487464, 1139.27423147
6910.51115766, 1029.06148498
6826.31948162, 896.892041892
6749.33327476, 749.820209263
6694.35873254, 602.050795285
6651.08073298, 476.44420806
6629.58078389, 367.138434246
6626.31274931, 241.081621856
6635.05732362, 114.189808014
6669.4421506, 13.6528313654
6717.57829943, -68.6934568062
6775.32872772, -122.9049688
6847.67922132, -147.913088992
6937.75317505, -152.675741517
7039.48244542, -132.275850566
7164.05838188, -100.560932065
7283.52485438, -60.9154790226
7399.85419006, -11.3121962693
7515.04620007, 48.276400215
7631.15566359, 113.878172154
7725.19849442, 184.177147739
7804.21525763, 256.269804319
7862.20651976, 330.073689833
7903.29558119, 396.644622154
7932.44074378, 459.051028056
7939.931534, 496.15747038
7927.61660087, 518.990394462
7902.61896152, 518.646844207
7862.9525468, 494.099430019
7808.47993661, 455.347207641
7743.22823727, 400.445333964
7665.06021753, 339.365380709
7574.22323357, 254.109047543
7475.56565115, 155.744005832
7363.19797291, 36.1885589206
7238.90013782, -88.5313199836
7106.72673624, -222.360285136
6979.71776665, -368.119407128
6853.7911547, -519.864220554
6728.75451223, -663.596047376
6584.76088989, -810.588689116
6428.96078881, -971.744913015
6283.25593753, -1139.76305583
6140.4408669, -1299.74072802
6004.33655307, -1438.62418909
5903.05028821, -1564.02790733
5824.4320433, -1665.11782556
5772.38524657, -1734.83963672
5757.04637388, -1783.05497644
5766.30662224, -1801.92950425
5804.30303406, -1801.40730787
5878.19985247, -1793.39106009
5976.76450199, -1761.03352828
6120.02257812, -1706.05968338
6296.05766604, -1634.63386296
6494.73328989, -1536.89443137
6735.9651091, -1406.56711498
6975.89469852, -1254.25561796
7215.87925597, -1105.94374324
7464.84922159, -956.508284855
7704.79255301, -805.196693412
7937.72280341, -652.981390467
8153.98446729, -524.997435474
8364.26043973, -398.095838117
8547.59392972, -275.564897333
8714.99764057, -158.253356582
8845.7071694, -63.4481928402
8939.58509612, 18.8496496342
9007.7265761, 81.7919939347
9035.96802718, 137.185318808
9028.36403972, 181.084969998
8995.84486496, 218.641637487
8945.39609991, 250.951420922
8884.04456763, 276.110703226
8814.69379075, 301.160049448
7500.31080662, 902.154534483
7500.69558291, 874.157178407
7500.9566811, 855.158972499
7501.32771538, 828.161521998
7501.79494372, 794.164732478
7502.39959217, 750.168887216
7503.08669268, 700.17360851
7499.02162151, 632.111319419
7500.10724032, 553.118779064
7491.42741756, 456.990423846
7487.09076735, 335.919397316
7483.97389488, 198.863623611
7486.1588745, 39.8786373257
7488.42630619, -125.105782404
7490.7349639, -293.089918856
7500.2628328, -476.976350422
7502.66768459, -651.959825893
7511.4430041, -853.858299804
7514.49373037, -1075.83733726
7522.6676626, -1306.74681483
7530.89656287, -1541.6559147
7543.0701174, -1772.51042423
7556.17486745, -1998.35166387
7566.52725696, -2242.23242989
7579.98929928, -2494.07121446
7583.50725389, -2750.04704144
7575.24621378, -3022.18626172
7569.90243834, -3288.28482253
7562.51762571, -3551.41115064
7551.41851183, -3762.58361492
7543.82430787, -3937.70451049
