347
0.0, 0.0
55.521848888, 36.8690153931
44.0605112004, 79.9229088107
48.64509178, 113.567843361
55.0422534724, 139.356917061
60.41714008, 175.09360121
64.3136421402, 205.652025117
56.1982981925, 225.92864201
41.6307644728, 240.515861118
3.49564820015, 249.665336889
-70.0891550848, 232.050663303
-167.009571866, 196.958886332
-285.118824465, 123.500024031
-435.433997845, 1.49449689533
-607.449144585, -153.904310346
-780.321482171, -359.654534884
-959.850464546, -569.104635117
-1137.53152312, -835.665024944
-1263.68163372, -1134.12465303
-1385.97461304, -1460.33536286
-1472.00008528, -1767.7400117
-1535.07134001, -2063.73835092
-1553.99171278, -2349.167886
-1531.91057095, -2564.03627171
-1478.61826938, -2730.46022008
-1398.03882417, -2868.94831708
-1292.01233049, -2961.5948639
-1170.1522022, -3022.4562567
-1044.75728246, -3029.67526655
-912.20240904, -2998.96361514
-775.342123525, -2941.67258401
-583.498640703, -2832.48889429
-388.930357844, -2700.90932405
-180.081538402, -2551.77793695
40.480273174, -2428.58505049
1217.97895154, -1835.10306893
1392.91932525, -1766.86183765
1394.79879118, -1726.4580308
1390.60746333, -1685.67282796
1380.14088669, -1642.51670703
1358.80665202, -1591.43001179
1329.30987398, -1539.17161452
1275.07381136, -1500.51350397
1200.41170491, -1488.08089119
1112.87273296, -1497.07691193
1012.00078603, -1542.6274369
889.102497839, -1647.74171166
750.779485078, -1788.62018461
610.577006386, -1969.90246441
499.073171061, -2166.33030028
405.604776092, -2371.96264001
344.137846888, -2527.05879281
316.642220148, -2660.5690565
310.901594848, -2780.785716
333.667014635, -2845.79906588
379.304109804, -2869.25659227
439.984533545, -2863.02071425
534.832886117, -2797.98387843
662.547723949, -2671.26402916
813.440919689, -2505.97263955
974.458666855, -2331.59865899
1122.08058232, -2134.47491594
1258.22147472, -1923.4520323
1346.57446617, -1775.64557473
1402.90630648, -1707.53005691
1412.62194787, -1694.46842178
1413.74645046, -1705.41079327
1409.89714783, -1716.86430231
1416.54193588, -1781.52377023
1407.96645439, -1883.93695843
1390.16678365, -2033.54033981
1374.66331753, -2185.92354931
1357.42198376, -2321.39582105
1355.76263015, -2442.19833156
1367.41656612, -2555.60109068
1384.44538869, -2633.26716566
1408.07582798, -2687.13368902
1429.83865807, -2713.04467562
1448.86885947, -2722.14695196
1469.75884141, -2720.00017428
1494.90703602, -2710.37893175
1529.61361644, -2666.60161712
1582.8589461, -2597.79802078
1644.8448415, -2486.88026399
1705.45457985, -2382.13552848
1748.46530193, -2282.21517126
1783.01462675, -2217.34341968
1793.77222862, -2185.07464216
1806.57438066, -2172.70108555
1836.45658278, -2111.32475464
1859.57991261, -2052.65353838
1857.53536244, -2032.75831748
1867.53017232, -2012.63112752
1878.51974324, -1992.40171006
1899.15024209, -1968.16573438
1932.20149698, -1937.62699586
1973.89891875, -1903.18392663
2023.07080537, -1872.99907006
2073.54413556, -1845.69626913
2122.33462619, -1821.58220634
2162.99008749, -1806.34627949
2200.17764214, -1796.4930679
2234.99427872, -1792.9151051
2270.83319037, -1799.28475275
2308.61442469, -1824.55486026
2346.62762807, -1861.86432781
2375.18467315, -1934.32462851
2395.32752041, -2022.72861996
2405.55027125, -2122.20472445
2392.38238053, -2219.05825641
2364.19084661, -2316.45043996
2334.08450408, -2404.99200161
2306.45130714, -2488.25307551
2283.30046328, -2536.87445381
2275.09072047, -2554.80766666
2275.09072047, -2554.80766666
2275.09072047, -2554.80766666
2279.87975607, -2523.1522542
2330.95862266, -2462.61342875
2405.86858299, -2311.16212356
2516.20854495, -2162.10142184
2620.09631713, -2018.73011791
2720.72063769, -1882.73105133
2834.40659339, -1756.44762614
2954.85925003, -1666.66367708
3028.61316564, -1601.78409684
3073.93574963, -1583.05274932
3099.3159133, -1585.47086683
3117.96471871, -1600.64393695
3132.68950802, -1636.32559302
3132.57542377, -1703.69017559
3118.58971297, -1792.58561919
3096.01286338, -1905.48506942
3066.54739994, -2010.0450353
3037.46333249, -2108.5342074
3007.76589999, -2201.05481323
2976.53505487, -2278.65400338
2945.2766957, -2346.20335558
2937.88477297, -2372.09465679
2931.63703821, -2379.77357666
2931.12590067, -2374.79977144
2931.12590067, -2374.79977144
2933.79567263, -2332.30421499
2964.33843923, -2257.79153548
3012.98353101, -2144.22369212
3077.0808614, -2004.94148853
3142.52683478, -1849.43642569
3215.93872518, -1732.31813357
3292.64940988, -1657.08203285
3370.33517025, -1610.89845745
3454.60286193, -1570.07008326
3523.799711, -1548.88527553
3582.49061265, -1542.85385253
3625.80398916, -1553.48171285
3655.8040761, -1571.50932456
3678.20778528, -1613.43871538
3684.03475327, -1670.14009494
3681.37280996, -1751.84024217
3670.50112385, -1851.47360225
3647.92427425, -1964.37305249
3625.93327567, -2073.19123103
3607.23324274, -2184.68701018
3593.12561905, -2301.74244557
3586.56717368, -2414.00101671
3594.84760187, -2494.57666135
3621.1831558, -2555.20205701
3653.56198947, -2606.1590107
3698.2043236, -2629.71876461
3749.95941197, -2634.45277212
3814.38691084, -2615.76862402
3879.93108364, -2568.82225663
3965.31544927, -2499.73166316
4059.8768047, -2402.55579137
4140.45647743, -2286.71142878
4207.6678325, -2158.16714166
4270.29460699, -2063.2677891
4302.26855871, -2002.68176422
4317.48882826, -1964.92804394
4319.0891257, -1931.58979191
4321.3027882, -1904.22010616
4324.53872578, -1886.79803085
4328.59248343, -1877.3340439
4336.55057179, -1876.51622384
4345.27145214, -1863.55681621
4358.3802867, -1854.16754273
4371.59134877, -1845.7730303
4383.70542228, -1836.48598433
4398.08818637, -1819.92892852
4413.05680148, -1799.29060102
4428.81572261, -1776.56052393
4447.35447186, -1751.53424222
4467.78051569, -1725.30874444
4490.60499164, -1702.85783583
4518.1988178, -1677.90626759
4548.67469959, -1651.65325578
4581.5490135, -1629.17483313
4617.71429307, -1609.37401109
4653.39594914, -1594.64922178
4679.25973631, -1591.99130656
4700.89282485, -1606.85769415
4714.9020216, -1635.57602291
4721.03567211, -1695.2616856
4720.36325089, -1776.75737782
4717.31991159, -1864.52831883
4705.5281779, -1955.2088295
4688.27901549, -2051.47651046
4676.89619183, -2146.13606531
4665.35611259, -2219.70118321
4658.455642, -2279.72104247
4660.50019217, -2299.61626337
4660.50019217, -2299.61626337
4660.50019217, -2299.61626337
4665.36394124, -2258.905774
4695.8791938, -2174.34325653
4742.22808097, -2057.99558505
4815.07380574, -1915.80381179
4898.83438797, -1762.43769798
4989.9396935, -1602.28519783
5064.34634494, -1485.06467821
5124.24831939, -1412.56120617
5175.07553154, -1369.1377735
5210.5527326, -1352.4234621
5238.12687337, -1356.62664669
5261.06140548, -1374.37508991
5284.86878574, -1420.1812974
5291.92248383, -1488.8198095
5300.50959454, -1572.37973728
5284.86855822, -1674.51375699
5260.3769, -1778.56258532
5228.1040944, -1875.36891786
5186.36730186, -1968.12149275
5146.03418039, -2064.7508843
5127.09434976, -2125.00271262
5122.81645171, -2161.63193031
5123.73649928, -2170.58477971
5128.71030451, -2170.07364217
5126.97243686, -2153.1627044
5154.17703838, -2095.07733915
5193.64514035, -2009.59477411
5242.21551866, -1905.08200766
5301.67324039, -1779.3450627
5365.18471976, -1644.1441308
5432.9544118, -1501.46873404
5507.03469533, -1410.4186841
5574.23419366, -1350.2337406
5638.40220942, -1309.4603945
5696.24777697, -1285.42104518
5750.95963444, -1279.79853222
5802.20358527, -1279.55873451
5849.18932344, -1286.79340166
5886.56164773, -1308.08446498
5916.79370372, -1338.15143674
5933.3035601, -1371.6391157
5937.08597791, -1408.44527436
5926.89454167, -1465.78753301
5898.92714816, -1536.01448582
5865.17595802, -1637.9990786
5826.75764517, -1743.47909205
5803.08380702, -1855.48600874
5797.41789519, -1966.64759133
5803.2054924, -2081.65847655
5821.7677276, -2174.2459672
5843.7703554, -2251.40090463
5871.65900735, -2297.79296313
5914.97238386, -2308.42082345
5968.86642127, -2294.84022213
6058.1551176, -2234.39579553
6171.20802286, -2131.2985569
6299.40648419, -1999.5026749
6426.86183893, -1850.69362763
6554.80081716, -1696.80854763
6652.59028153, -1543.00600974
6728.97862641, -1386.37644431
6781.39830735, -1270.41016883
6830.30288223, -1178.93152347
6877.65435909, -1101.68621527
6928.73322568, -1041.14738982
6979.04930029, -992.750151921
7029.59734395, -956.39227407
7066.83209804, -927.434147608
7093.15199467, -909.650361696
7113.22415654, -899.545495659
7119.19272281, -898.932130608
7124.16652804, -898.420993065
7124.16652804, -898.420993065
7124.16652804, -898.420993065
7124.16652804, -898.420993065
7124.16652804, -898.420993065
7124.67766558, -903.39479829
7118.53215833, -912.068479209
7104.51110485, -951.709494069
7077.43624488, -1020.83945832
7043.24863066, -1108.79516896
7007.5629465, -1231.08389267
6982.97688943, -1373.34255074
6961.81153956, -1529.32340843
6941.66063613, -1656.04728578
6924.41147372, -1752.31496674
6924.01822099, -1826.74510413
6932.87667153, -1864.03488629
6947.62114623, -1870.56178953
6997.12722942, -1853.41105406
7065.08951974, -1781.08452301
7189.05728245, -1666.81294382
7313.6580956, -1529.35517808
7439.62723713, -1346.51980027
7568.9620578, -1157.30694615
7665.16308146, -968.483316679
7738.55931455, -772.955842989
7789.13107169, -599.879277909
7810.10762384, -520.318079703
7807.55193613, -495.44905358
7798.14297726, -511.494971847
7790.04329061, -569.627536527
7784.7037467, -654.61864942
7734.39147265, -849.784412505
7668.78421559, -1091.75897278
7593.41411771, -1365.90008306
7511.16323464, -1670.90629977
7409.33164184, -2020.14594058
7295.54323111, -2399.76706431
7173.24622371, -2833.54170854
7075.66098684, -3243.6662281
7021.30658436, -3634.26909411
6977.74915453, -3934.29367695
6925.76969823, -4211.05735975
6859.12048069, -4472.23906241
6777.18030823, -4672.66562786
6672.40000251, -4817.13392034
6553.582986, -4922.83404611
6425.73057797, -4999.30470559
6270.60288304, -5035.35187283
6136.38485544, -5040.09750956
6013.04634261, -4984.414377
5930.32011973, -4825.03629805
5951.16312977, -4587.66197566
6033.17421514, -4231.41180811
6287.44024495, -3771.00678416
6630.27937854, -3243.19400629
7033.61416625, -2678.00107549
7465.69076866, -2216.4127203
7847.32938357, -1831.38159479
8201.00843363, -1555.78201288
8456.61102218, -1401.84593288
8654.02198989, -1327.27442473
8814.2335462, -1330.91547178
8931.2692962, -1374.1778483
