332
0.0, 0.0
31.4643023433, 97.8519170893
30.6836269422, 127.841757801
35.0313708933, 152.963404294
34.2767180056, 181.953583649
33.3659300377, 216.941731146
32.5071870965, 249.930555929
31.5443541019, 286.91802614
23.5318465811, 325.722661472
11.7809187657, 354.42659318
-4.89024829483, 380.001428249
-30.4022324887, 399.344092556
-74.7776698998, 413.194022324
-130.940863489, 418.734391075
-204.577511237, 403.813127444
-304.892745466, 376.193319667
-423.603027672, 325.086872924
-546.478896234, 241.861150188
-683.777189859, 136.252539896
-828.979490136, -11.5760500121
-975.712707886, -177.450589374
-1102.16645085, -353.800953397
-1214.42756055, -575.79744717
-1332.55652583, -802.94838281
-1418.64428266, -1031.26592073
-1484.01018198, -1287.05352639
-1520.33385691, -1544.08580187
-1553.63252525, -1802.03967117
-1548.21984247, -2009.96923344
-1509.31310131, -2198.02046447
-1412.73827159, -2372.56645344
-1278.03539189, -2513.1087396
-1118.51233001, -2607.98967935
-976.738164084, -2674.32282248
-833.344207297, -2687.59584614
-685.20136301, -2652.72898957
-547.913875234, -2585.13353336
-420.419231737, -2448.76962362
-282.552853634, -2288.12759367
-145.076813231, -2112.49064336
-9.56326717924, -1899.89224534
118.031055556, -1690.50101151
246.744346365, -1524.09521603
376.212290063, -1386.67959991
490.091206412, -1303.68807979
594.572026999, -1243.94899602
703.441830714, -1199.10074256
814.623227303, -1166.19638035
926.934397817, -1138.26430241
1019.69472392, -1127.84691781
1100.66729384, -1125.73909423
1162.11504186, -1142.14562534
1199.5448948, -1158.17703542
1220.95414351, -1173.62514435
1221.18834613, -1182.62209656
1212.19139392, -1182.85629918
1193.51009829, -1195.34666322
1152.52398265, -1196.41358627
1089.54531716, -1198.05300461
1012.57139267, -1200.05673814
924.809373351, -1210.34401017
819.235607203, -1228.09731695
703.628399123, -1283.12434158
590.619031563, -1361.09153239
480.62386474, -1477.99347111
392.011924115, -1609.3438574
315.630122395, -1749.37892574
260.267231687, -1889.86718266
231.765085052, -2024.65452494
221.24162618, -2119.96064653
228.035486388, -2188.8071676
236.995610239, -2225.58645771
263.247030656, -2234.90648593
299.00063689, -2224.97272323
346.552805151, -2168.71624544
413.057300018, -2071.9528631
492.854446023, -1947.83430893
586.074355733, -1801.35888971
699.74068116, -1633.34410922
828.037611756, -1450.94373203
947.858040405, -1288.7707846
1043.88397074, -1173.23282243
1124.72201728, -1089.10072254
1173.10690597, -1064.83340817
1193.47525415, -1040.29506282
1192.7986688, -1014.30386754
1193.11093896, -1026.29980382
1177.73009172, -1088.72119069
1154.23705772, -1185.36526631
1108.92282561, -1327.59262081
1051.67991891, -1511.14438363
987.168351719, -1722.89484455
930.821016318, -1902.42193942
906.135357518, -2030.10756214
903.583166989, -2124.20584227
920.00932558, -2178.79687921
937.784244051, -2208.34433719
959.115425223, -2220.79346205
1003.39757843, -2192.63159231
1062.50330025, -2119.06860129
1141.82123516, -2014.96929677
1222.51395247, -1886.82607466
1332.4418576, -1728.91199779
1459.8432169, -1550.53628854
1592.9823192, -1362.00783064
1724.72061659, -1196.52362898
1831.08145317, -1093.72103931
1921.33281214, -1025.34931852
1971.88396447, -969.014773185
2002.04074611, -936.218911845
2018.61862897, -919.781947405
2018.80078656, -926.779576904
2008.18404349, -980.073898989
1994.34933039, -1063.46215184
1948.37372959, -1218.71112649
1870.32009198, -1409.80699159
1769.84673845, -1623.49392434
1683.14524715, -1789.80643562
1632.28623548, -1911.17101419
1605.66410484, -2002.89485057
1607.01727553, -2054.87724114
1607.5377258, -2074.87046828
1620.53332344, -2074.5321756
1651.6116989, -2038.71130768
1693.43693, -1954.59442445
1749.372316, -1836.09871739
1808.68180711, -1693.5070477
1895.20114082, -1520.19690693
1998.22028984, -1327.45081764
2104.07148201, -1166.64184676
2206.35560562, -1060.94436308
2287.61001238, -992.8068449
2355.96210569, -967.019418908
2395.15707872, -974.001831743
2419.87758167, -1001.36780942
2435.79850666, -1074.97843466
2431.81948871, -1191.12130967
2392.60731479, -1337.19117452
2330.05383114, -1508.87711361
2275.24821906, -1632.34510495
2240.57675254, -1722.27779872
2220.171576, -1783.8296368
2214.03268944, -1817.00061917
2214.42302714, -1831.99553953
2214.42302714, -1831.99553953
2224.32635651, -1789.72351489
2263.54294124, -1720.67961956
2322.52935634, -1604.10516767
2400.33798548, -1442.02550444
2495.33382113, -1248.48793391
2602.89808836, -1076.63064306
2705.40119794, -940.917296159
2790.56096591, -830.66388842
2864.99990076, -769.706157338
2919.35673508, -744.283046533
2949.34657579, -743.502371132
2962.99273627, -768.155612385
2960.33645568, -858.255247087
2937.80625468, -991.886792923
2900.8276061, -1146.90156496
2855.21632049, -1316.14579861
2814.81152178, -1493.25721056
2806.20931808, -1585.51230305
2816.84568863, -1648.25676593
2842.95619063, -1690.59164145
2874.25796286, -1701.78087982
2915.67124457, -1678.6953844
2975.47957425, -1632.12325002
3046.06078208, -1538.25476169
3131.4135135, -1396.98582937
3220.95785379, -1224.59728241
3318.88982264, -1066.99547571
3420.80963107, -947.302733027
3478.42126377, -854.772198732
3508.5520229, -820.976676035
3516.13295354, -804.773914215
3515.97681846, -798.775946073
3515.97681846, -798.775946073
3515.82068338, -792.77797793
3515.82068338, -792.77797793
3521.81865153, -792.62184285
3522.13092169, -804.617779135
3512.82611013, -869.882014991
3487.43784347, -970.576781071
3442.52475491, -1089.78590185
3370.29773369, -1235.71484828
3279.51952943, -1399.13246553
3213.84775499, -1527.8850113
3174.20400419, -1618.947479
3152.87723384, -1683.52432366
3153.94415688, -1724.5104393
3148.41459398, -1742.66047881
3148.41459398, -1742.66047881
3157.28143363, -1737.4279694
3188.96913274, -1686.58615861
3235.89676068, -1606.33780824
3296.83045347, -1487.71198861
3388.73843166, -1329.26665563
3499.96305165, -1144.30967709
3622.67837432, -978.060016694
3739.83811157, -828.960734446
3852.28578968, -690.987839692
3925.88119825, -636.054099265
3963.4259471, -618.071000687
3977.57734117, -623.704653642
3978.48812914, -658.692801139
3943.36347404, -769.644405924
3883.52272682, -930.256002552
3803.89693256, -1099.3853403
3708.82302937, -1289.92392677
3603.11716643, -1494.74401988
3544.07870631, -1609.31914905
3513.09361505, -1687.15181649
3500.45152675, -1739.49852224
3500.89390948, -1756.49276531
3511.8901844, -1756.20651767
3526.390677, -1736.82261418
3569.63192968, -1668.67429016
3631.87755398, -1562.0183843
3708.4415133, -1428.98094545
3808.13860224, -1262.3301415
3922.88265656, -1097.28832257
4064.72165758, -935.542541203
4174.63875686, -815.641618416
4263.23989164, -722.304386207
4312.41626158, -690.01375847
4335.25233771, -683.41727252
4340.51086963, -693.283773524
4341.26552252, -722.273952879
4329.58626721, -811.608128844
4301.92764685, -940.371480462
4255.61375338, -1082.62485748
4199.30324634, -1225.13845962
4136.96874865, -1366.80853549
4079.98165626, -1483.33094236
4029.6539007, -1586.67559399
4012.27373075, -1649.14902588
4013.1584962, -1683.13751202
4028.54375426, -1697.74209467
4048.32880129, -1689.22435355
4093.14221062, -1643.04255687
4154.29930017, -1571.42684353
4238.25122669, -1453.20216745
4345.25821529, -1298.36514219
4468.60888413, -1118.09420028
4603.45025565, -956.530576507
4729.9712603, -821.192350638
4809.9505639, -704.071425966
4861.83967026, -660.706455761
4870.4983298, -647.476655499
4870.65446488, -653.474623641
4860.89205393, -662.731800989
4824.46627316, -723.70033792
4758.93541714, -819.438036393
4674.94666226, -974.676205199
4586.27187076, -1142.04042286
4507.80187294, -1317.14170624
4466.35617369, -1454.2666639
4444.6542823, -1542.86140364
4446.13756556, -1599.84210099
4466.98953564, -1632.31047551
4502.21188576, -1640.39663976
4549.01381195, -1632.17595213
4613.66431333, -1579.47573704
4690.24348931, -1485.45111363
4783.1143005, -1363.99325086
4901.90904528, -1200.84666458
5039.56724327, -1032.20734377
5181.11999664, -859.465287475
5297.7072386, -688.373455371
5399.80920462, -575.678342191
5465.93857845, -502.932854931
5522.27951882, -438.44488366
5571.03952855, -390.15967421
5594.06856812, -352.547663678
5604.59643781, -334.267511604
5604.46632524, -329.269204819
5604.46632524, -329.269204819
5604.62246032, -335.267172961
5598.83267229, -343.420598898
5588.79923035, -380.694316756
5567.21223486, -435.274547845
5532.12440813, -509.212659905
5487.53439557, -602.404562883
5431.2607169, -707.904672305
5363.92791242, -849.704860743
5289.37849248, -1021.70307
5197.35561839, -1214.16291164
5101.2972705, -1443.74033605
5001.08414211, -1667.42388238
4894.74293301, -1886.265257
4791.59808223, -2151.03900902
4688.45323146, -2415.81276104
4589.17691355, -2675.48411622
4494.11822702, -2905.03551813
4424.60835305, -3116.91609161
4370.54658801, -3307.38741639
4318.51016819, -3498.80635749
4262.35579624, -3647.31792778
4201.47414848, -3767.94307012
4133.8659022, -3860.73382955
4059.45298986, -3922.69122199
3981.49462068, -3963.73379347
3889.83804599, -3978.12380099
3788.69009133, -3973.75444534
3680.23223701, -3957.571311
3571.51415756, -3931.39156309
3488.44898072, -3891.53963219
3421.11816046, -3841.2747275
3388.12492486, -3765.10750092
3402.57976747, -3628.68515112
3448.00889549, -3452.44328797
3564.51365909, -3201.32650227
3759.74225062, -2900.14417037
4006.14653479, -2566.6191657
4309.89583151, -2245.60613677
4669.13614729, -1981.16825083
5065.35312742, -1753.78068597
5415.65294683, -1568.60229488
5771.86186098, -1418.28193873
6131.66827702, -1290.87572624
6394.05435284, -1187.01260856
6634.91628405, -1101.71589061
6860.0698812, -1027.83180779
7012.56046943, -967.843304738
7096.69896436, -933.642227676
7134.26973571, -916.658790455
7134.26973571, -916.658790455
7134.26973571, -916.658790455
7134.26973571, -916.658790455
7123.27346078, -916.945038102
7094.28328143, -917.69969099
