214
0.0, 0.0
40.6759304088, 47.2807432829
42.3464483794, 70.7585917727
48.8233710368, 95.9389307873
55.4348408609, 127.200544098
62.6084787676, 161.574064708
69.7821166741, 195.947585319
65.2208269052, 227.620833268
56.1382130601, 255.612012696
35.3206715393, 280.902919462
-5.00756933909, 301.363442125
-58.2030671968, 319.970940819
-146.294288055, 307.28485365
-281.277260785, 241.371296068
-446.484098995, 139.785368851
-625.769118685, -18.3850509969
-830.993801559, -248.992573726
-1054.54889566, -527.704109016
-1288.81715587, -837.257629838
-1487.65816138, -1210.41075462
-1662.12611086, -1626.52844782
-1798.04024825, -1994.66068936
-1868.9053992, -2358.47675605
-1909.46808948, -2631.04173575
-1880.2473269, -2833.94848042
-1796.68408707, -2944.16274877
-1679.80905387, -2998.05362569
-1494.53600517, -3007.74369407
-1266.29173109, -2873.84241944
-1006.58868761, -2670.75049639
-717.52501362, -2418.97640642
-443.767768077, -2138.08680086
-175.371102164, -1869.08265642
73.0952366131, -1609.01059238
264.882501286, -1376.29693762
422.209657013, -1184.91729902
514.519798872, -1026.13808845
553.192171868, -957.929235896
550.768986678, -941.102822923
552.479470341, -952.980290904
516.847066399, -958.111741894
476.472202878, -1021.51418976
363.597627555, -1128.69781839
254.358498111, -1324.26574162
138.618466594, -1523.80081399
45.2479336795, -1745.37234552
-11.0567991015, -1978.78137933
-48.880587216, -2172.14725288
-50.9693967753, -2326.01614796
-27.7752927075, -2451.99643823
5.94947148537, -2510.7896375
47.695122278, -2534.07698686
92.1010800397, -2533.74394741
166.437829533, -2488.68789705
253.419364315, -2370.07840077
378.099469372, -2197.54471883
511.924797193, -1983.28137238
652.377581116, -1751.8985392
734.844448771, -1517.75282445
774.109626215, -1348.42696747
793.405847021, -1278.96722472
793.405847021, -1278.96722472
794.261088852, -1284.90595871
802.528426559, -1342.31372062
815.499594339, -1432.38451948
823.467201346, -1599.95992709
824.070671311, -1758.49268656
845.451717103, -1906.96103632
868.202213978, -2015.82983301
900.525554533, -2085.93833217
945.122011432, -2129.0214615
983.72378237, -2123.46238959
1041.64575353, -2069.65676482
1111.40522697, -1978.78533991
1194.55415979, -1847.59366727
1276.13514925, -1705.51431564
1344.69834828, -1557.22713569
1406.48355777, -1417.99859017
1441.19677478, -1350.35989883
1449.51872826, -1330.9757535
1440.34153295, -1344.42116484
1461.19104702, -1397.99632478
1468.50056828, -1483.83088017
1472.35049271, -1636.84453343
1464.44151005, -1771.34526946
1458.63865942, -1892.40858729
1450.81626509, -1978.40166926
1457.08803853, -2021.95238519
1454.41973842, -2038.50171069
1461.34826141, -2037.50392856
1466.96994223, -2006.38485555
1521.35238518, -1949.0476957
1599.83745361, -1820.54830258
1702.60765354, -1657.23178165
1802.38450705, -1473.12969176
1902.48640687, -1326.36249634
1982.86446496, -1246.08567666
2053.39259191, -1209.66063981
2106.00194227, -1210.16685592
2150.89147291, -1262.30062653
2190.58694365, -1348.52283715
2211.11274761, -1491.05245292
2211.26461724, -1625.40265551
2202.35785245, -1752.97486855
2202.88139102, -1840.79699508
2202.22464147, -1885.34549314
2204.50528635, -1901.18211712
2216.38275433, -1899.47163345
2223.12877132, -1862.12874585
2275.52364313, -1798.00560331
2352.02913357, -1669.7912908
2446.89700778, -1521.75721891
2540.05439834, -1361.84567903
2599.59892863, -1242.135826
2641.54972865, -1196.69212041
2652.44540077, -1202.19524035
2667.31621516, -1221.27032565
2694.40553012, -1290.11194835
2701.7390308, -1397.15969362
2694.24168277, -1520.48767006
2684.31315642, -1619.91817023
2677.19547049, -1703.7891339
2683.60978422, -1748.32963883
2686.17550972, -1766.1458408
2696.0733997, -1764.72043775
2735.21335931, -1734.83626866
2787.4417114, -1648.51014725
2886.7123488, -1517.01740771
3005.74679361, -1354.3896089
3139.90516088, -1184.53222021
3234.89159598, -1016.27474743
3287.29446093, -959.222668187
3309.64797325, -967.117000758
3338.83542709, -1015.45014196
3374.00957375, -1105.35442109
3382.7924569, -1243.51324623
3374.07619124, -1414.50162804
3377.03890128, -1533.29229413
3388.72720632, -1614.454992
3413.82095699, -1669.43956871
3445.09056344, -1683.12210183
3499.4969858, -1646.99813187
3570.12768736, -1576.20756754
3685.10839471, -1455.58652071
3792.42389812, -1309.80112115
3894.20430905, -1146.62714052
3989.75291224, -975.257760444
4048.75925387, -879.8730046
4083.7815309, -835.427081146
4078.86455846, -864.424035849
4084.07594083, -970.767072733
4094.71984109, -1128.86421815
4074.68827553, -1298.45117632
4075.95648819, -1419.50650101
4088.78511566, -1508.58751087
4126.01743552, -1542.62799203
4192.60239274, -1520.91524299
4281.20782285, -1462.69086875
4424.17171649, -1325.91614479
4600.47138291, -1154.03121927
4798.80750849, -959.776795145
4966.59472228, -763.859846191
5099.60477396, -579.013082217
5211.27508173, -407.34263525
5249.78892815, -324.001867108
5255.9807702, -296.841950097
5241.01537433, -319.20345556
5239.30622685, -433.615337875
5222.67964235, -612.815105418
5188.93357111, -785.387416861
5188.27815775, -956.225265224
5219.54110724, -1089.12608535
5272.41289499, -1196.68803987
5338.36508207, -1240.73697877
5426.30576949, -1219.99003931
5529.18787335, -1155.6684045
5673.98880468, -1017.61881093
5834.15078024, -831.892825704
6003.75105231, -613.487817259
6206.44198224, -393.348345735
6361.07685844, -197.304842753
6482.63706306, -17.1379294388
6531.22331232, 38.3541995805
6536.17225731, 39.0669011069
6512.46528018, -6.78044598473
6462.6054975, -186.724887609
6388.38998128, -464.136237685
6297.41999032, -807.610342598
6184.62002562, -1231.01224147
6074.55230614, -1694.43332119
5965.36380791, -2185.00632478
5837.27473723, -2719.72418494
5727.92771241, -3195.16527294
5632.11268727, -3631.27590221
5494.06044531, -3984.56130877
5331.26347839, -4341.41022296
5152.48734719, -4699.54999304
4950.271997, -4965.08521133
4762.53047665, -5148.7210508
4583.07094411, -5277.61742847
4455.11107584, -5301.09661315
4368.45990812, -5211.5333666
4308.45311198, -5047.41089886
4297.0312289, -4701.5069518
4398.96615784, -4174.59683588
4575.43499237, -3526.82855135
4898.91480104, -2819.49707787
5315.37216665, -2168.48765964
5794.66181891, -1553.89394893
6235.95317019, -1103.39206959
6616.84474934, -766.661309291
6956.24512194, -506.627874754
7218.41930944, -362.788744443
7407.41305617, -286.066103075
