230
0.0, 0.0
-2.32955283305, -52.1015660379
-43.6333054748, -52.0973574507
-66.2449551911, -39.2632896192
-66.2449551911, -39.2632896192
-65.1545555208, -30.3295877796
-20.7985255197, -13.5801817442
68.7148443423, 42.9915127323
190.793797272, 118.759113009
301.907002513, 211.983871636
403.672051998, 278.141824319
497.831901765, 315.005392946
557.804367946, 335.893267424
580.634939313, 333.106690489
576.51565167, 299.357150206
564.767774922, 244.375449687
537.469421566, 119.764856622
502.300168067, -28.063163754
482.067196407, -193.832964556
466.699626303, -369.26340031
463.993981152, -548.254124886
469.108248783, -729.206727152
474.492425426, -874.932533521
474.358644146, -999.836424984
470.957872442, -1110.23766932
471.508454089, -1171.75755928
475.936012342, -1201.51317602
487.992159701, -1210.03663253
507.821441069, -1204.39751909
546.128112298, -1154.67228466
597.245461973, -1074.27317669
657.832122922, -965.814629239
722.897329485, -861.932393534
1103.16249263, -296.840891477
1106.31253612, -271.032419496
1096.6051224, -259.77337341
1085.68615348, -258.440662702
1084.95922037, -264.396463928
1079.87068857, -306.087072513
1086.88508291, -372.42558525
1088.5920238, -490.502197467
1088.74733233, -629.545269496
1075.17370562, -782.023978364
1060.99850991, -898.162102279
1046.58521174, -974.981740628
1040.28512476, -1026.59868459
1038.10432542, -1044.46608827
1049.87138297, -1038.85036421
1061.59166174, -1017.11019252
1106.97213184, -925.936660537
1155.01802336, -812.925190727
1197.06133487, -683.062340163
1233.14884516, -552.472556485
1271.19402456, -455.366612666
1303.59588192, -379.73514012
1328.41592895, -341.460275451
1349.96477697, -329.986516302
1371.8027148, -332.651937718
1389.44698824, -386.183980597
1412.51145347, -469.59279574
1416.90720516, -573.893693948
1409.02788785, -679.718626542
1399.57775737, -757.144042486
1392.30842624, -816.70205475
1389.64300482, -838.53999258
1389.03722723, -843.503160269
1398.8190177, -837.645125175
1411.87200718, -804.985984562
1435.60586313, -734.341069091
1462.61091809, -636.895048102
1492.5237055, -515.625822207
1536.96252942, -399.151829708
1586.60262348, -322.602100371
1640.28341985, -270.723664572
1677.9801049, -267.26535047
1707.99721348, -310.218501604
1736.36492357, -383.192969908
1752.18765564, -492.918268494
1763.65299762, -597.074621797
1771.511272, -697.768452411
1777.41187728, -764.978443167
1785.20419209, -800.181849677
1794.66929478, -813.426162838
1794.66929478, -813.426162838
1807.47997322, -782.752289301
1820.00156186, -737.939235197
1842.45369445, -653.033983641
1872.7767272, -544.911304775
1914.8434281, -423.110678031
1987.29491273, -299.981549166
2077.61380104, -179.033219642
2189.88757411, -101.061430639
2289.20612383, -46.6939248896
2375.61622897, -32.0551500357
2436.55373072, -44.5299598976
2475.21545133, -74.4343301357
2501.09409147, -101.77104509
2511.33290604, -125.184004666
2516.07715208, -135.837273157
2516.07715208, -135.837273157
2511.11398439, -135.231495562
2491.26131364, -132.808385184
2462.47494104, -129.294875135
2423.76223307, -124.569809897
2384.87738222, -146.016683197
2345.67584359, -186.565904751
2303.39442962, -277.11026975
2255.83316018, -386.151205408
2210.66740314, -508.580999132
2167.85037974, -628.275203282
2137.45717884, -712.211210686
2129.82438115, -774.747123563
2126.91664869, -798.570328469
2141.80615176, -800.387661253
2157.54374346, -795.256559272
2200.16102601, -734.975822482
2260.16529875, -639.542666541
2324.06993748, -520.407461214
2385.33675277, -389.868664896
2442.99650047, -255.867345889
2503.87645982, -120.244226364
2541.26487425, -53.2807552336
2562.16116591, -30.6457161308
2561.55538831, -35.6088838195
2559.49574449, -52.483653961
2551.01485817, -121.968001602
2531.2239384, -226.339067969
2509.18205113, -324.390866554
2496.70303268, -426.63212094
2483.3759256, -535.821810091
2480.65530823, -624.142805563
2482.60876875, -698.930398063
2492.74981719, -731.398214998
2501.46459738, -742.536105565
2510.01144327, -738.542182027
2536.69560186, -701.502261934
2570.35579319, -632.068901653
2610.53078456, -542.274859154
2661.19111013, -432.604756515
2724.97459335, -314.462184726
2805.36714628, -192.302300012
2889.3859476, -122.970914451
2965.67839369, -83.9265464834
3029.5002385, -64.5159276188
3082.95790463, -63.9887353576
3122.66324614, -68.8349561145
3150.4569852, -72.2273106443
3170.30965595, -74.6504210228
3181.22862487, -75.9831317309
3197.11076147, -77.9216200337
3216.67434242, -66.205549846
3245.41393624, -53.5946122533
3270.81216289, -43.5981087169
3282.942687, -35.0044840477
3282.942687, -35.0044840477
3282.942687, -35.0044840477
3282.942687, -35.0044840477
3277.97951931, -34.3987064531
3270.18299591, -40.4990525848
3257.27875992, -38.9240308388
3237.57063407, -43.5705107434
3212.89934053, -47.6112130533
3173.48308883, -56.9041728625
3132.85528195, -76.123468049
3084.64566472, -132.699371113
3032.53568151, -212.977323564
2974.58684401, -332.839462004
2921.55439542, -437.182930397
2889.82848381, -532.037906717
2875.12609583, -594.718364499
2879.33473243, -634.521472141
2888.45975795, -658.805909736
2905.33452809, -660.865553558
2930.58820984, -643.799459739
2972.64649357, -604.606338279
3026.64397772, -533.625554225
3090.13416254, -442.647554511
3157.3057917, -338.014996307
3232.20377609, -203.095420508
3306.08152897, -101.296218012
3359.54761228, -18.1615204669
3395.04431719, 16.7953664181
3404.56040724, 28.7303582573
3403.95462964, 23.7671905686
3397.15073978, 17.545688918
3379.157972, -22.5698979208
3355.40072666, -85.1525895708
3323.4558934, -190.055056787
3297.07579684, -331.90388655
3276.72166966, -498.66632089
3270.4323463, -682.256746598
3262.63816935, -902.938079759
3251.81510443, -1148.43525136
3238.42438423, -1406.71550344
3222.40004917, -1612.28841188
3201.68245544, -1782.02874683
3184.47837175, -1922.98270919
3164.17944052, -2023.26208589
3137.34652844, -2094.53616834
3110.66236985, -2131.57608843
3090.08276598, -2135.10877928
3055.29381339, -2114.74388848
3010.8952132, -2074.06509423
2967.03222245, -2004.23646083
2947.43027991, -1917.22057809
2949.35800459, -1769.36495974
3016.22557172, -1559.92349187
3144.37492636, -1310.61295678
3314.09794265, -1026.07983438
3531.58852427, -746.369543358
3743.12330466, -465.932319217
3935.78542208, -307.104398142
4040.65373628, -199.013525835
4098.86406563, -126.532096782
4126.47068959, -65.4266607449
4145.53046766, -8.31514824564
4143.42825365, 32.2382818962
4127.08909295, 63.4477648689
4101.28062097, 66.5978083609
4055.80659332, 7.67317166501
3996.6737986, -88.8737733323
3944.872086, -232.656882812
3895.48927519, -397.891074178
3898.01249815, -583.564533094
3947.75691338, -671.237180786
4060.33474847, -698.074301452
4252.81209725, -689.32957684
4506.21197556, -602.389932986
4826.36482052, -480.278689182
5152.0164426, -329.623383821
