234
0.0, 0.0
2.46594477326, -92.5414453981
-17.8279086948, -105.509078622
-16.7262021391, -98.5963192112
-18.6148419488, -110.446763915
-13.6771566557, -111.233697169
27.7993998064, -117.843936503
97.899049004, -103.700415641
222.884083911, -62.8624302679
355.596546672, 1.04689790868
491.071016804, 69.5791380768
596.978074295, 111.432395698
664.028678009, 138.213294517
704.588649756, 144.913196898
718.414168577, 142.709783786
715.738595513, 125.92165379
534.812914234, -24.4774747112
508.294547077, -63.7938352158
491.950841844, -77.3910150425
481.646528459, -84.8623687128
470.842319932, -114.531697625
460.140027677, -181.684217611
445.503069153, -273.525164063
425.589145583, -455.660925648
406.977532373, -635.978999766
390.655766583, -814.636773069
365.319744542, -1043.50154971
352.546919377, -1212.59872573
351.322018838, -1341.00627854
359.82735546, -1427.42189778
374.041828665, -1484.36879191
389.271574118, -1522.23770863
409.02231529, -1525.38544165
434.395758738, -1486.89923155
485.07169329, -1423.07956642
540.898170165, -1320.58856936
596.681429886, -1212.01496329
649.974238383, -1100.00658609
701.80734987, -990.803433416
758.821967608, -893.564894944
816.867339558, -802.566352125
1008.34695093, -471.577593358
1008.34695093, -471.577593358
1008.34695093, -471.577593358
1008.34695093, -471.577593358
1021.21589662, -524.259565956
1012.9763204, -614.082221137
1000.6014741, -723.498230839
983.288942512, -832.127307287
971.901633276, -941.70070364
957.264674751, -1033.54165009
944.358969385, -1114.5196889
946.034752165, -1142.12750939
950.543494659, -1151.95966282
955.481179952, -1152.74659607
960.83232608, -1119.17033608
997.639524657, -1047.06464884
1037.35063529, -944.030539473
1078.52144294, -838.191205586
1123.71335116, -719.828663238
1179.20957277, -593.99476722
1229.84229017, -524.092493087
1266.52306602, -503.61028904
1286.83240146, -515.960628885
1300.24445944, -552.527235243
1319.25471326, -636.566572759
1326.63060813, -749.130315477
1331.27223083, -847.081606121
1333.76591079, -920.387687453
1335.81516599, -977.421015894
1339.66662669, -1010.43868163
1344.01798254, -1021.25837212
1344.01798254, -1021.25837212
1354.70802156, -998.659189267
1385.16105499, -934.654402297
1421.79538495, -838.218279043
1462.72237164, -721.201264209
1509.57458068, -605.12856928
1565.1572366, -491.459891267
1618.05206623, -439.132680385
1647.94973413, -435.79659679
1674.31394338, -467.339083547
1689.43274807, -582.149456531
1697.25306771, -710.985952139
1704.64444455, -848.867667927
1712.56345173, -945.316044405
1722.15501294, -999.500931168
1735.00847667, -1026.8649307
1744.88384725, -1028.43879721
1749.13328682, -1001.77529662
1778.8858213, -954.873412951
1810.03935368, -873.765722682
1847.10262644, -768.28437925
1888.65915973, -647.317216182
1953.55859197, -526.019797848
2030.00917758, -433.904066509
2114.64709777, -360.307718325
2192.40322248, -336.245609724
2259.55574247, -346.947901979
2319.4962117, -383.841534864
2365.29638882, -420.506828755
2392.80552178, -451.219165105
2410.51023649, -467.204879883
2409.56591658, -473.130102235
2409.56591658, -473.130102235
2411.29716974, -462.26719459
2390.31507055, -447.784393976
2364.03729561, -428.407125224
2329.38706426, -410.73337444
2293.63512634, -399.972383068
2254.93605921, -414.057204811
2216.00865309, -442.282318677
2163.04287112, -507.762284622
2100.93318144, -605.201426899
2035.51837209, -723.378847407
1967.62859348, -863.439469855
1927.04411529, -959.246046505
1904.33399168, -1025.49746374
1907.51268862, -1056.38266871
1916.80172976, -1067.98929245
1933.58985976, -1070.66486551
1971.32912501, -1037.18729305
2024.29490698, -971.707327108
2082.34027894, -880.70878429
2143.17539345, -765.851965413
2205.94236492, -645.227310836
2270.48380671, -519.822357616
2315.70667886, -452.095761405
2347.76454272, -428.851549987
2347.76454272, -428.851549987
2346.03328957, -439.714457631
2336.90486382, -496.991607031
2311.71977095, -585.126226207
2279.79478729, -696.489574837
2247.44086083, -816.898143646
2219.08029975, -944.01886806
2207.90584754, -1014.13399922
2213.77559952, -1053.54904726
2223.93800822, -1072.38320372
2237.76352704, -1074.58661683
2256.31064538, -1047.16391818
2294.95101339, -1001.67851437
2340.55961119, -918.824088974
2398.27472787, -804.482647204
2464.39003617, -669.202323398
2556.56703363, -522.886223332
2661.10985291, -381.578760902
2779.10794732, -282.920513834
2893.01398881, -209.938230289
2997.9767264, -174.01019502
3079.41144319, -158.635316141
3146.63491552, -156.184853332
3192.06162022, -163.424639269
3219.71265786, -167.831465492
3235.5132508, -170.349651905
3235.5132508, -170.349651905
3228.60049139, -169.247945349
3219.82682736, -160.761319431
3196.24010745, -149.91389375
3164.63892157, -144.877520925
3125.10970404, -157.817418959
3081.04400882, -180.160527626
3031.96967597, -214.869458104
2981.1208728, -254.358687223
2921.28554857, -324.819555616
2848.58450739, -412.469761614
2764.04850347, -523.549300871
2687.25540937, -636.875470393
2628.23798233, -753.03459963
2585.43460906, -837.348722032
2574.57493015, -905.488779077
2575.57794917, -930.964138797
2590.39100505, -933.324938559
2613.3326964, -922.804539405
2680.91093044, -854.590301278
2773.67748609, -768.112754179
2863.70976957, -667.022755005
2955.4733062, -555.069848186
3045.01794775, -431.624487119
3132.70168468, -300.79420669
3197.50242939, -211.884907485
3227.45556768, -170.078095757
3229.18682084, -159.215188112
3229.18682084, -159.215188112
3229.18682084, -159.215188112
3229.18682084, -159.215188112
3209.26643979, -201.60832929
3185.48234481, -255.537141869
3152.15313452, -331.234986892
3116.82111492, -425.853422679
3081.57552962, -532.637076471
3041.0929677, -665.926844196
2993.77182744, -854.833460504
2944.734916, -1079.92095753
2897.61760829, -1343.79395598
2857.79878563, -1593.64083181
2819.39644284, -1834.59987412
2801.84331903, -2001.92257982
2786.99350348, -2133.22179146
2759.96298795, -2239.28946435
2728.76623842, -2314.31454561
2690.91280367, -2354.86226413
2645.81635424, -2370.96537715
2597.42703837, -2363.25343126
2555.01841523, -2318.01507714
2522.04073791, -2258.07783664
2524.15448797, -2162.21578961
2552.38539758, -2016.84723819
2626.61385938, -1843.3677424
2736.17756951, -1645.14112103
2865.22046467, -1458.11991579
3016.34716558, -1278.66875175
3185.30823266, -1133.4511295
3369.71190222, -986.644158783
3525.94915703, -832.310364012
3667.81778073, -691.888522369
3801.47133465, -552.182661637
3916.04691116, -411.461528657
3981.23338152, -307.424400271
4010.54149124, -244.249763709
4008.46450085, -206.451799334
3986.72320359, -177.671319947
3950.29850192, -164.777867806
3903.92747732, -163.463304221
3831.71084932, -203.597561908
3736.89826721, -302.91309077
3650.44588829, -445.078438796
3593.70605544, -604.130604352
3565.73122001, -716.123499586
3592.32699699, -803.397004425
3676.68433654, -852.2829867
3803.74636184, -849.242965702
3989.28593062, -816.030491911
4215.64154534, -742.742459551
