414
0.0, 0.0
-50.0094580733, -32.5738254311
-105.543539038, -16.2960537347
-99.5464515309, -16.1091274629
-55.5678098115, -14.7383348027
14.3982111058, -12.557528298
134.373690096, 22.1971036379
310.542640939, 83.7153997696
523.288624487, 159.38009751
756.993259932, 236.698551786
991.666255583, 315.047675025
1237.49225802, 420.757544591
1491.03398773, 535.712280446
1726.36637427, 657.102839578
1919.06233184, 766.159099998
2083.77188104, 874.343037816
2232.48919689, 982.028505576
2332.75992253, 1071.19566085
2400.95014387, 1130.34879867
1428.05374951, 1176.06100543
1331.08796247, 1012.96092529
1229.5399073, 964.773867984
1174.56660516, 963.060377159
1154.97359698, 853.396736736
1134.19157349, 717.683408358
1107.9732413, 563.791891187
1080.1868923, 331.813618908
1054.39957248, 99.8976553858
1029.29250005, -218.038871163
1004.93055824, -591.979368824
1001.08853256, -982.28852685
1008.05166656, -1398.27352029
1021.54151252, -1831.06333539
1039.75626539, -2158.65488409
1056.03429784, -2488.30777071
1063.94751002, -2742.18447518
1083.26553848, -2944.68092892
1099.12285645, -3068.24688486
1113.42245548, -3141.83711157
1114.66863063, -3181.81769495
1114.66863063, -3181.81769495
1112.79936791, -3121.84681988
1109.55931253, -3017.89730309
2143.84446418, 198.886684855
2176.67524804, 236.927973356
2171.49074885, 242.76928897
2171.49074885, 242.76928897
2172.48768896, 210.784822265
2179.91530342, 132.978456565
2192.30676195, 24.3117562589
2207.47353465, -141.296120987
2225.60769673, -305.811020512
2243.61724129, -466.3278617
2262.72233804, -597.796471178
2283.3279939, -713.210538547
2295.06778494, -768.871811494
2301.81257754, -792.673235251
2301.81257754, -792.673235251
2301.15833559, -771.683428976
2298.60367654, -689.723233045
2300.83108423, -568.595042044
2301.81231678, -407.486267663
2324.9074877, -249.69015529
2363.05511168, -125.441377489
2419.84824013, -21.6216271487
2481.16647688, 33.3153716857
2549.44758689, 57.4543446716
2609.41846196, 59.32360739
2665.17062357, 36.0492336019
2696.83839756, -16.9899226037
2705.1097547, -89.7675610026
2696.76321646, -175.068998853
2646.62399193, -267.676008113
2559.78311719, -370.431360644
2448.35938476, -486.959262239
2329.18877067, -611.73251554
2210.14534857, -708.488206096
1691.65707287, -989.77792854
1699.02495303, -1033.56964399
1700.58267196, -1083.54537321
1707.69874263, -1151.35659307
1724.4958409, -1240.87674438
1744.69648983, -1343.29712215
1767.14540297, -1453.65130783
1791.06114637, -1578.96705791
1814.1019927, -1708.31202071
1835.20869308, -1807.70270035
1853.59981359, -1884.1668533
1868.27583964, -1937.73563394
1879.20561684, -1967.40952769
1886.60722585, -1980.18513664
1886.60722585, -1980.18513664
1877.36493403, -1940.45378828
1868.40560609, -1877.70245011
1860.13682341, -1772.90919063
1879.82329471, -1666.24409396
1916.4392052, -1557.05034368
1968.29449502, -1487.40101549
2022.77190158, -1437.67967023
2083.68255695, -1401.76460288
2146.12235133, -1382.81012909
2201.09565348, -1381.09663826
2250.6949557, -1399.5603654
2281.64617897, -1429.61068616
2292.38645544, -1485.30311349
2288.63248319, -1557.45508984
2267.29225535, -1643.16153462
2235.98803604, -1730.17903776
2197.18874458, -1801.4223882
2165.04335704, -1861.45299756
2132.36834507, -1904.49185899
2117.9675595, -1923.94995177
2117.9675595, -1923.94995177
2117.9675595, -1923.94995177
2125.56124372, -1878.69140606
2155.58298457, -1814.72504712
2466.00074723, -1341.82462142
2584.358773, -1223.07961001
2622.87510059, -1174.85624939
2651.08216407, -1148.96490779
2676.4464557, -1128.16460226
2691.0964763, -1116.70262615
2699.27951925, -1122.45047863
2706.74343702, -1137.22511675
2708.0830753, -1180.20424388
2710.04580115, -1243.17366271
2712.44468831, -1320.13628571
2715.24858239, -1410.09259832
2708.11963938, -1502.35948389
2711.14161411, -1599.31239859
2713.60281002, -1678.27405076
2715.69015339, -1745.24152793
2722.9957248, -1787.03421421
2732.58328925, -1805.7446019
2737.58086217, -1805.58883001
2737.42509028, -1800.59125709
2748.73644343, -1746.2124626
2759.08201085, -1660.84871599
2771.27341001, -1538.40946662
2802.20377677, -1439.39778846
2845.59563423, -1355.00497653
2902.51080573, -1287.19890561
2963.04760856, -1239.28966325
3029.98650581, -1204.18718421
3096.67359356, -1193.10420958
3152.98910846, -1202.35422481
3202.74418257, -1225.81552487
3233.69540585, -1255.86584563
3242.15626373, -1302.62495045
3235.93594664, -1359.8465168
3204.22672041, -1433.87033034
3151.68345979, -1513.54595876
3086.58267088, -1607.61979829
3005.77003802, -1711.18773913
2901.09367265, -1819.5014434
2779.89287502, -1943.33749087
2631.01721281, -2078.04100679
2485.70087317, -2230.6423221
2359.00145809, -2370.6575292
2243.01631403, -2501.33440687
2141.24502928, -2606.55610425
2061.87064677, -2692.07047381
1998.05233632, -2763.09316914
1958.44303101, -2808.34914038
1941.10601044, -2829.89972547
1941.26178234, -2834.89729839
1954.25547194, -2834.49229147
1999.51401765, -2842.08597569
2061.8603489, -2820.13295815
2174.68345391, -2780.59883394
2324.30424673, -2701.89928913
2498.47674288, -2608.42768067
2707.35186007, -2504.8700377
2915.69477836, -2416.33626788
3121.16377041, -2331.89401953
3325.72671101, -2250.48146931
3532.31983515, -2170.00612492
3699.24391971, -2100.77210152
3836.33833862, -2037.4702824
3952.8168038, -1986.81688025
4022.53616415, -1944.62433598
4051.80505098, -1920.70086918
3867.27281127, -333.679491721
3815.23059518, -397.331732409
3798.42834799, -371.842823269
3806.11292088, -361.598442395
3830.1012709, -360.850737307
3891.2611613, -332.931786634
4012.58142751, -277.125039665
4174.32101287, -202.049700651
4380.57143885, -110.57969583
4585.66657836, -14.1432724657
4790.66825472, 85.2916946528
4941.03932711, 172.018510517
5079.63430513, 251.374871745
5211.57537922, 319.518491892
5308.9072954, 374.577533773
5368.66266429, 415.459019667
5403.71055798, 446.566014834
5402.93169851, 471.553879447
4869.73083268, 565.988177651
4795.32801766, 545.660336732
4730.10776016, 519.615797713
4691.5602782, 472.391951679
4670.93917553, 395.712292546
4664.90321024, 300.478017607
4660.73908214, 177.288488681
4659.63323208, 20.1777726373
4658.24441814, -159.952933229
4656.88675858, -341.083153679
4649.78124655, -530.396417078
4638.80229369, -723.83235633
4626.04754125, -860.295964263
4619.51053143, -971.553626932
4622.43904302, -1065.50799788
4634.24114283, -1123.16829999
4653.01126482, -1147.59538579
4699.98845029, -1146.13113
4764.95947275, -1112.0904743
4864.60453635, -1034.94864842
4982.36805446, -929.228480987
5112.46844575, -834.129121435
5246.72266727, -743.902717292
5352.73867092, -678.568140158
5440.16890439, -626.819185817
5478.49573124, -604.614358775
5478.49573124, -604.614358775
5463.65878436, -610.079247377
5408.7452165, -645.807388455
4838.3030389, -1057.77913751
4640.42000767, -1193.0097034
4579.6651242, -1233.92234367
4538.39948789, -1290.2352841
4512.43811413, -1356.0760547
4490.72403374, -1429.78832446
4474.87984888, -1531.33123069
4463.62565555, -1651.74029651
4455.15192532, -1765.05929711
4449.67673885, -1878.28483457
4445.20106696, -1991.47921765
4442.6309611, -2101.61274822
4445.21677453, -2184.57245873
4447.21065476, -2248.54139214
4461.95156403, -2272.09358087
4479.94282655, -2271.53280206
4500.12261898, -2244.89118091
4523.80457416, -2170.11708781
4553.76658072, -2072.13607861
4586.25981536, -1959.06888751
4620.0615339, -1887.98130897
4646.80176712, -1847.12840298
4669.13636061, -1825.422046
4685.12859396, -1824.92357594
4702.89920137, -1849.38181612
4724.04220507, -1885.74076817
4751.74307509, -1939.90405648
4785.50334138, -1995.87944768
4825.72801085, -2066.66063138
4870.19997369, -2145.31331424
4918.17152481, -2207.84914623
4970.61102442, -2253.23745839
5041.69860297, -2287.03917693
5123.25121751, -2303.50644936
5221.61122819, -2281.43138877
5319.16122502, -2233.36894898
5415.40016347, -2175.34251773
5497.20973645, -2103.75904359
5571.74231792, -2023.39801884
5624.03634351, -1935.72627375
5650.43645303, -1851.86308625
5659.46838761, -1788.55096926
5638.91989157, -1739.16717323
5593.81969222, -1704.55544084
5532.85187703, -1674.44023686
5472.00867936, -1648.32309121
5417.16256919, -1622.01901929
5392.20843343, -1591.78177225
5386.21392039, -1559.95307744
5405.77062525, -1513.3211646
5466.1205018, -1459.41483473
5552.33314003, -1400.70043268
5660.62856226, -1344.29917805
5789.75801887, -1282.24610854
5933.78673112, -1216.7271796
6057.66937978, -1146.83376532
6181.45856531, -1073.94180728
6288.16253976, -998.580929918
6382.99695671, -927.591963442
6765.66709998, 790.163712272
6759.57397487, 760.95970867
6749.57882903, 760.648164884
6749.57882903, 760.648164884
6750.10845346, 743.656416947
6750.66923228, 725.665154425
6752.13348808, 678.687968952
6759.09378685, 615.87432202
6768.76709104, 498.118527317
6778.44039523, 380.362732614
6782.86431699, 238.43166161
6779.75943776, 81.2586368095
6773.0926615, -90.0322096891
6761.1479229, -252.48319682
6745.58155298, -395.037355396
6733.73285198, -528.471265197
6721.76468241, -593.875874493
6711.79811648, -627.202553947
6703.17633776, -639.477118369
6692.18167733, -639.819816534
6669.91454153, -599.49396052
6642.12020837, -542.332128462
6577.09717502, -446.311270653
6527.78598562, -340.796311526
6489.251376, -227.942052142
6457.86656589, -151.882906113
6428.54051924, -109.77610158
6403.92908164, -90.5335149772
6386.59463554, -80.0684789843
6374.41353425, -74.4452440207
6366.41741757, -74.6944790499
6367.50782083, -109.677489508
6362.13124642, -161.870328554
6365.02860364, -254.825184916
6380.66784095, -371.394538762
6402.77148146, -502.769685105
6428.2812471, -615.029436827
6456.32224082, -712.203006645
6486.05071992, -799.319121861
6525.65230183, -850.110013868
6573.12795736, -864.637991424
6636.87881012, -855.6475091
6710.34699378, -805.334230644
6796.71797838, -719.601780429
6888.36949977, -610.693568498
6984.80051344, -494.632982582
7067.33178606, -382.007101721
7136.90052346, -270.785742366
7198.87557663, -204.822928723
7236.67277904, -165.626353744
7254.97815982, -143.04509969
7259.97573274, -142.889327797
7259.97573274, -142.889327797
7240.7954549, -169.499794567
7205.12189917, -212.632119127
7149.61124918, -293.400725266
7079.0429972, -404.653239
6998.07201798, -535.239228004
6905.88829768, -659.171313082
6797.86811592, -788.599441141
6678.00953104, -923.398994666
6576.23567182, -1060.63631313
6476.14929798, -1187.81617699
6381.84193099, -1307.81251249
6296.28096024, -1419.5323419
6235.08476653, -1510.48302016
6189.47579925, -1587.94153875
6167.57736706, -1623.64109992
6168.10699149, -1640.63284786
6183.25548216, -1645.1631051
6226.86027133, -1631.79813743
6303.38930751, -1583.390425
6401.19111383, -1511.30848081
6511.51929408, -1423.82881092
6624.93948122, -1339.25422165
6745.60550547, -1262.45766841
6873.51736685, -1193.43915119
6978.75193657, -1135.13233053
7069.27417693, -1086.2884568
7146.42630068, -1057.87103607
7192.96732485, -1042.41357609
7220.23460804, -1050.56803913
7221.69886384, -1097.5452246
7187.95945406, -1170.63183232
7126.63606836, -1289.60007332
7034.51208235, -1447.54680865
6908.18394535, -1631.57181185
6758.11669335, -1824.34063681
6600.64525786, -2036.3494739
6466.53651036, -2259.6359353
6345.95622584, -2435.47789555
6265.17217289, -2572.06097206
6221.55966031, -2681.47280299
6200.94113211, -2726.13684104
6201.09690401, -2731.13441396
6226.43004125, -2709.33459384
6266.16653854, -2636.06105985
6344.38820904, -2513.56465066
6427.57887254, -2357.89733391
6526.9175413, -2206.72912002
6634.90656868, -2076.30147737
6734.3361261, -1960.14742832
6830.51533027, -1868.10634681
6925.44321035, -1800.11592409
6989.91576276, -1750.08303504
7038.17542669, -1725.56763505
7075.46901011, -1734.41006888
7096.42508753, -1764.77193343
7103.66577572, -1836.58121162
7106.9058311, -1940.53072841
7094.7767407, -2064.96900695
7089.20551662, -2207.21162174
7083.66544692, -2350.45375112
7105.51985239, -2473.83278078
7162.98293036, -2584.09607781
7242.72086754, -2638.63836759
7377.65533645, -2634.43252647
7552.63527197, -2598.9639183
7751.89167033, -2475.69637304
8013.37235689, -2294.46213082
8282.69596271, -2075.96545957
8556.11623894, -1796.31147238
8826.60028017, -1518.7499775
9059.69727485, -1229.34750503
9266.49534654, -930.759900563
9411.35209391, -667.119003238
