276
0.0, 0.0
-50.1173396052, 20.4267538022
-82.023243858, 71.6811514068
-82.6743688677, 78.65080249
-31.5509429735, 90.4573822166
51.2305991435, 150.417504671
298.400213643, 256.870225012
621.557333046, 388.500298246
997.670703509, 523.068989101
1394.84110909, 636.504737138
1782.36145584, 734.977986564
2069.90533326, 807.037118933
2292.73102205, 873.050090498
2401.64093935, 911.346694986
2432.0139157, 930.253897506
2409.27213729, 937.168484582
2342.53508777, 941.981614765
660.467108691, 251.525740903
574.422474441, 11.4813264363
546.540136566, -98.5894473168
509.741460885, -263.728350874
517.44405421, -593.441362531
558.557947678, -1033.52504521
633.103984988, -1519.69876758
730.37469056, -1969.60143465
841.343598574, -2394.11986942
933.405304069, -2788.26532782
997.850348651, -3144.81663721
1043.94629786, -3476.96895689
1067.83104381, -3797.13534943
1096.1084728, -4099.81733933
1117.38871871, -4392.10512753
1126.73514672, -4545.90254066
1132.78130752, -4610.62072929
1126.27674573, -4616.2501765
1113.07489813, -4550.191784
1088.77639335, -4354.60399638
1102.88354457, -861.145682861
1475.42506134, -419.578226762
1567.30897698, -306.541303385
1674.04821798, -341.765363777
1793.97888474, -475.188132341
1921.45441988, -657.119404912
2018.37094295, -855.966551122
2095.12265564, -1064.73238788
2125.14735903, -1160.35412802
2127.75185907, -1188.23273235
2115.03221091, -1170.33830443
2074.94742341, -1106.79139411
2029.78460755, -967.387950595
2011.64612514, -773.233384705
2017.28303943, -564.805399067
2043.42557, -446.862327649
2077.32653668, -390.464415822
2119.73008233, -403.57697911
2192.48576064, -462.062971218
2270.11632145, -551.228525264
2328.03673933, -687.431407735
2370.61216531, -842.141889289
2361.34755453, -1011.73896175
2304.79409375, -1169.68422465
2214.70504943, -1312.6840991
2113.5431464, -1444.66617885
1267.07577782, -1898.36981994
1367.03140345, -1936.23633422
1351.88286913, -1924.59494652
1372.16076229, -2141.64979454
1393.27581617, -2367.66562252
1473.78619705, -2595.16304794
1536.46094756, -2750.0045012
1584.81763616, -2826.83958868
1613.21639379, -2851.30406425
1632.57157545, -2843.46972044
1643.20018856, -2785.22856159
1662.70718563, -2693.01426191
1683.08929727, -2588.66595323
1705.93824894, -2456.96961536
1747.92881454, -2304.4022781
1808.69561095, -2202.30724172
1885.27917686, -2162.0088865
1970.84083288, -2164.05901293
2051.18975529, -2217.81820441
2125.36823348, -2302.28448983
2171.44411778, -2408.45893537
2188.6182013, -2506.28557211
2181.4141388, -2558.18067287
2178.20315591, -2577.56338653
2196.60062698, -2548.72707161
2224.45543285, -2427.61097116
2297.50805367, -2242.01109349
2379.28724304, -2106.81803085
2458.12408125, -2026.13499086
2533.43292914, -1982.94266018
2582.88872188, -2028.54007857
2593.21370418, -2139.05883146
2582.46080767, -2292.72527287
2549.96179717, -2439.38410935
2513.67658649, -2556.26603047
2473.44667189, -2652.42503406
908.689925355, -3878.29016701
845.50466462, -3954.49792794
801.164854092, -3963.66205378
844.974089472, -3959.569268
1030.96019397, -3896.9979572
1309.99107056, -3787.56866539
1688.62634505, -3647.74259876
2149.80875024, -3499.20038543
2665.75269966, -3345.54218988
3110.4084128, -3213.60926461
3416.09823972, -3120.7721507
3629.68389497, -3052.60934654
3787.88441299, -2993.63820022
3883.7576747, -2955.55516345
3936.84489747, -2932.5172213
3964.50993409, -2916.87606568
3987.1966485, -2901.69999935
4004.47790526, -2860.91571114
3536.42727306, -1162.08740737
3839.29529867, -1135.80130726
3919.18286533, -1077.11590282
4159.18637118, -1001.46329428
4399.59990232, -908.698354534
4637.40893342, -788.054810455
4814.79944107, -654.9773601
4915.10333968, -578.314931727
4961.82739422, -508.666796595
4955.96726913, -445.939936846
4905.30224423, -387.398880731
4822.86897508, -332.830060529
4406.13433245, -43.3387176071
4274.90681741, 81.9981855712
4296.36345597, 45.8372582872
4331.67306713, -63.3517125811
4380.77016506, -255.618389297
4404.21066541, -506.525828292
4405.67064036, -801.669638109
4367.31445955, -1068.3938466
4312.06993709, -1315.60436971
4239.17581998, -1492.15024956
4198.78740167, -1597.36325097
4194.03975735, -1654.05063822
4211.43114213, -1657.44765683
4276.00124889, -1628.31517818
4386.50289163, -1574.80455351
4524.30792139, -1469.52979978
4660.99673685, -1352.30707277
4771.95678057, -1228.44881226
4866.57616796, -1123.19116869
4891.04064353, -1094.79241106
4871.99204745, -1116.65907489
4830.17040741, -1228.03209867
4760.85934463, -1389.17792261
4692.53352443, -1582.37104437
4621.28619677, -1765.79355744
4558.45216378, -1910.26460747
4497.27534208, -2029.47197506
3689.51242729, -2101.922465
3807.86552399, -2110.95266437
3787.79373147, -2121.86701936
3733.53818515, -2293.65856657
3738.02310728, -2567.42833385
3762.48680407, -2829.28808169
3804.74148908, -3109.5728326
3857.07336836, -3400.96839607
3905.93605487, -3644.47904854
3943.92607378, -3739.35664581
3992.71363136, -3734.79877074
4050.65862647, -3699.25474816
4133.35757258, -3606.1586456
4240.30742654, -3471.62712981
4361.92361537, -3300.57303716
4471.59183093, -3130.63515881
4573.38774881, -2962.43708777
4679.22807677, -2891.28355675
4789.49530809, -2889.01690784
4905.1300432, -2933.45346977
5031.04511845, -3034.17781551
5163.0271982, -3135.33971854
5295.39177123, -3208.34396366
5376.20578293, -3267.08147734
5417.67915, -3270.23739623
5454.93918143, -3217.54308859
5482.78356545, -3128.5673038
5505.12947397, -3012.9876327
5508.81970155, -2858.97665185
5505.1131426, -2679.54348485
5491.37776508, -2435.76420065
5513.67903144, -2265.95356047
5546.79121309, -2147.35936404
5616.48772393, -2140.84811395
5707.23084802, -2187.61012234
5816.69513893, -2262.75377821
5926.286668, -2425.26438326
6031.02042473, -2600.28106876
6091.60040664, -2786.45320897
6093.88416571, -2939.90608266
6053.74726897, -3037.06075069
6018.94365572, -3094.54734482
5982.70013242, -3082.86800326
7465.00977512, 745.611867807
7562.80514631, 666.365004314
7511.57828071, 623.413773358
7375.38877485, 414.841439397
7308.6129927, 108.301075139
7271.08728431, -92.0581552688
7266.28084243, -234.121162827
7238.21246884, -342.200607699
7195.18159664, -440.629993745
7110.32612963, -467.640171806
6974.11655885, -450.234631635
6808.83626174, -465.67559615
6658.42544537, -489.770955051
6504.68309626, -521.208036469
6421.04728326, -529.021536585
6383.52904195, -514.448219563
6412.44126457, -490.655712699
6531.03919454, -416.301620635
6711.1822841, -334.18909246
6909.06129788, -248.410913952
7103.84987862, -194.056440248
7296.42314092, -158.991662348
7462.23401318, -138.479357772
7598.66757353, -136.781237857
8131.90988987, 14.4756035256
7879.03787521, -310.454764717
7681.6752812, -530.768192549
7406.59206328, -843.712633654
7170.26385083, -1195.21935621
6960.43608499, -1572.37225449
6844.7179751, -1785.05821793
6784.77791756, -1928.25454994
6760.75768759, -2025.91226112
6782.4107837, -2031.92420161
6848.13505862, -1993.64470728
6943.30213131, -1926.50136602
7084.84871912, -1796.77255857
7245.41637099, -1634.13176058
7449.79030349, -1284.60594506
7325.2659838, -1596.54134511
7237.66757795, -1830.70479079
7129.95942574, -2096.87758044
7017.0869156, -2361.52413049
6896.39717181, -2650.00114126
6770.13304481, -2954.06424365
6627.23209774, -3230.55532728
6482.3606655, -3442.95181529
6375.21435397, -3607.63231786
6283.72335347, -3660.37126766
6278.32831767, -3602.62273011
6348.25255161, -3469.54154622
6467.54329399, -3273.59584255
6617.99953129, -3013.47294726
6766.72638313, -2713.33743863
6883.8055406, -2429.21515705
6991.00691613, -2286.62530789
7038.25112397, -2244.04614837
7052.84155114, -2249.71354943
7046.28861365, -2308.57830128
7048.96528785, -2401.73320139
7064.12719879, -2564.02650519
7128.50380275, -2747.83524508
7216.366328, -2946.52388758
7342.94963841, -3097.40352678
7498.36257544, -3191.354679
7673.32715169, -3247.32250063
7897.93728995, -3243.4127958
8145.49608604, -3184.1283756
8407.72121701, -3088.32137852
8633.02416767, -2962.8200621
8845.3008846, -2805.39199773
9048.46853969, -2625.71477624
9217.55292594, -2392.97786398
9352.94695846, -2046.88328738
9465.24798484, -1625.61083459
9511.84931353, -1070.87097109
9506.63144916, -466.737067145
