329
0.0, 0.0
46.8122916826, -2.36840609247
103.348410186, 40.101198386
241.335860421, 92.2496746607
433.053688101, 157.167118769
651.907556363, 244.167028807
899.740371326, 347.452535184
1165.52170252, 466.449526694
1466.65296121, 592.544590194
1757.60145313, 719.197561156
2043.04283168, 834.956877891
2226.40459495, 915.848557119
2342.18360551, 974.909717909
2415.42105033, 999.572983646
2415.42105033, 999.572983646
2352.36637229, 974.351810447
2246.92850974, 892.529703767
2078.42516666, 799.628555387
1897.90155193, 706.011118309
1706.19452675, 626.951542703
1527.20785816, 557.801181392
1350.20087194, 488.93517506
1177.15325044, 420.637878688
1040.02426639, 355.479289584
925.661629478, 293.590782745
827.410003929, 246.139564878
784.584083206, 213.721352185
782.068098376, 174.969967431
794.011007511, 91.8233083195
817.148129597, -20.0233437608
853.912685703, -198.610486115
879.706225069, -455.553462916
914.58832128, -761.704143731
958.132441868, -1114.09300502
1019.63588118, -1464.91251268
1078.03302072, -1822.23977737
1129.92780446, -2183.53180804
1203.56668667, -2499.26953943
1287.37213192, -2794.35198104
1380.21752278, -3075.00253493
1442.88173205, -3279.16716673
1485.74911771, -3486.17534832
1509.63493598, -3652.46866654
1512.570307, -3792.47360787
1500.90460655, -3887.09343366
1479.02913309, -3945.80002325
1457.70076459, -3980.18171456
1431.96489391, -3983.87832929
1399.96781244, -3936.95086636
1366.39597609, -3864.99301895
1343.50540024, -3705.62858899
1319.87152946, -3498.88855863
1489.50082545, -1177.18532567
1589.44046597, -747.612202378
1601.4786864, -585.251242635
1595.79158681, -545.657595439
1591.43809711, -585.683176352
1624.45742725, -674.894856288
1680.13333453, -802.273007275
1724.94259382, -959.499373645
1763.34846483, -1065.11182117
1797.19385366, -1124.90721944
1818.85518837, -1156.14480223
1832.15505743, -1164.33708415
1839.08394569, -1163.34184173
1839.08394569, -1163.34184173
1838.34065075, -1115.96624133
1837.29139584, -1038.32669558
1847.96185386, -936.777981532
1866.39806133, -818.959874884
1911.98651312, -700.272499553
1973.69677878, -581.289966747
2055.400058, -531.164382817
2127.65846413, -520.785426068
2191.5986146, -543.929694442
2250.47438791, -602.15033783
2283.92025052, -694.331541306
2283.58553927, -811.570135499
2258.93133099, -935.332690474
2196.67936162, -1085.71118731
2124.39760545, -1250.66374935
2038.657599, -1385.22099105
1478.20066484, -1935.49549069
1546.2855675, -2015.62941627
1555.10057186, -2076.99956943
1583.73940606, -2170.88150153
1643.79040803, -2286.5183346
1703.43108127, -2420.39884138
1763.64586573, -2565.30977863
1824.56073513, -2701.02779027
1885.88053201, -2811.43106246
1947.75283511, -2904.58050213
1998.84125398, -2950.78627511
2030.67995421, -2975.51069962
2050.48758031, -2986.80928132
2132.90158085, -2385.98823266
2387.42754033, -2343.36739324
2411.2880974, -2291.44751442
2453.74149813, -2326.77043568
2510.66459533, -2420.63076279
2563.87487405, -2467.54202198
2598.83607781, -2506.97188669
2615.1270754, -2543.02189914
2616.12231783, -2549.9507874
2614.55836544, -2539.06253442
2631.08510678, -2513.45263749
2651.66477909, -2424.62428004
2680.85246329, -2311.32344557
2711.72467238, -2181.61644227
2748.96246102, -2054.02589757
2792.59283545, -1963.90714021
2835.96045989, -1900.09296349
2882.88792283, -1868.09588202
2949.21268313, -1865.64105596
3017.67550702, -1885.10491335
3088.27639451, -1926.48745418
3151.68564375, -1995.16981808
3212.42052693, -2080.4005283
3226.49609841, -2178.39480511
3205.7958536, -2294.51758438
3153.56826977, -2423.25095025
3092.26833285, -2523.98980934
3029.10928606, -2597.71860161
2964.52306312, -2654.47791632
1840.34260261, -3366.54483187
1863.05319223, -3475.42196041
1766.72183531, -3444.80710006
1787.78745382, -3436.72998939
1859.21440001, -3448.69624855
1954.64408076, -3409.73247009
2099.39663677, -3327.31464721
2311.15783429, -3212.03587542
2570.00487598, -3086.96306059
2852.89786221, -2967.52873412
3170.46229598, -2878.47352425
3509.67726196, -2806.51376567
3720.50803203, -2769.15889461
3900.66452802, -2750.35365723
4060.32411546, -2743.58489525
4185.89716906, -2731.60957862
4299.58132601, -2707.19826038
4405.90466099, -2673.74159527
4225.44694176, -446.775270523
4267.04727756, -476.1591447
4265.45631893, -429.915562976
4249.61886005, -432.190402811
4363.60897698, -438.043029922
4523.37833442, -389.837714622
4712.96349975, -310.072652816
4944.67450086, -207.082303914
5148.93269891, -81.7683440878
5341.3344078, 13.5552228659
5441.41273572, 76.4227683895
5481.4005079, 121.566738932
5474.57598839, 169.079115567
5436.21332737, 218.123037101
5031.11442613, 492.312534012
4745.73055014, 671.558296375
4677.25692375, 705.164285259
4654.75872785, 721.127717883
4668.7856881, 686.773032814
4700.79897332, 618.632372635
4746.46129754, 455.466959186
4800.11796869, 194.444045168
4859.05681194, -131.487255501
4917.70049771, -441.296742313
4957.05125488, -673.05635465
4982.927558, -853.207449392
5011.15606348, -965.333055203
5033.68126562, -1016.65181657
5057.30607894, -1026.39184714
5083.04194962, -1022.6952324
5135.32354593, -964.672524028
5226.89282946, -870.698770706
5341.0592764, -737.109765196
5447.59134888, -606.637861964
5517.94743517, -512.680312387
5563.43151821, -442.500556119
4033.74565008, -1644.19525314
4131.0380969, -1822.17047555
4138.19018137, -1928.23106054
4108.29701096, -2043.65375485
4138.90297999, -2305.96706877
4168.36612784, -2553.29058751
4183.68174296, -2793.55384299
4188.37725632, -3016.14753596
4197.12570067, -3175.52276842
4213.76046697, -3291.33418647
4232.8788106, -3325.96782527
4250.96950432, -3311.24618132
4293.0737351, -3259.73663123
4289.57123304, -2377.26978625
4477.57989846, -2455.33220826
4517.7638606, -2481.88873639
4534.54080439, -2598.68999562
4634.50761727, -2760.1168717
4748.6111604, -2914.46187954
4868.9056981, -3027.50711031
5003.17858482, -3111.2674344
5136.45082786, -3181.02780449
5267.1422711, -3204.68677034
5394.27387584, -3196.52864095
5528.00680388, -3128.82706077
5665.10338044, -3021.24207718
5749.01128327, -2895.03009739
5799.2321785, -2731.22575776
5828.65020521, -2549.19394816
5832.17938125, -2355.72678062
5824.13102186, -2187.15862256
5818.40611353, -2098.06751512
5837.89157591, -2057.88895422
5904.74723743, -2009.89603264
6003.56217169, -1959.33311374
6138.4379209, -1906.62132876
6304.45768664, -1894.89795962
6491.57007713, -1910.45280856
6652.59028069, -2018.65860343
6774.04384331, -2167.90682663
6868.22458909, -2345.31874033
6897.22879699, -2547.24634103
6884.81265533, -2770.27736898
6837.05198741, -3007.47753466
6780.19196015, -3181.32786483
6736.28263199, -3276.53800557
6701.94955191, -3318.84922882
6673.24955894, -3330.04344177
7413.35269609, 499.081960509
7336.49599906, 584.017513258
7271.26004744, 637.283549498
7275.09883966, 610.557837641
7287.46828127, 524.44165499
7326.48067097, 365.372382502
7381.2153483, 174.212462285
7463.96613739, -36.1593678281
7511.71791398, -157.603872984
7539.92481446, -241.445215799
7561.46557667, -299.977220407
7544.95503908, -346.800314586
6906.94306798, -638.474318779
6816.84417057, -805.986075641
6804.83470142, -820.844495835
6806.82518628, -834.702272354
6842.20212001, -862.959529109
6909.12259651, -899.819396512
6987.89416093, -899.617805294
7077.9697083, -886.67965373
7173.98430275, -872.888437229
7275.34762933, -826.000528073
7378.81121077, -751.533842122
7483.53278462, -657.691463794
7587.39589228, -550.838972638
7689.26311384, -423.057639214
7792.25155158, -281.981837983
7855.37819088, -165.826651226
7899.0409728, -118.134288365
7913.88859049, -116.00162602
7927.48361703, -140.3157218
7940.95807106, -191.924239396
7943.27612088, -264.330224266
7920.59079246, -373.666292765
7879.5250141, -488.673257107
7764.50550222, -616.323215537
7625.32487455, -772.700173177
7470.74952421, -955.534691438
7299.64203129, -1156.90804088
7170.23384167, -1332.08657969
7068.09846887, -1479.101428
7027.03809176, -1601.17945809
7024.95944189, -1657.04249789
7051.56458125, -1680.49812748
7111.95029447, -1678.89636636
7218.39420194, -1618.14527943
7354.07440485, -1507.73294979
7514.19467729, -1363.50223754
7657.49845216, -1235.83067412
7790.78324274, -1136.87530741
7888.02342212, -1061.28200404
7939.75791346, -1027.58419394
7960.11264452, -1014.55787736
7960.11264452, -1014.55787736
7922.36730469, -1033.11291229
7870.64901709, -1088.02391964
7785.43451061, -1169.97200006
7696.71417812, -1290.81364273
7612.14399908, -1475.71600836
7515.87031085, -1705.74073954
7402.08544135, -1968.58861089
7275.86457023, -2243.3253789
7158.41549349, -2522.86377407
7058.89332799, -2758.40642111
6966.54119575, -2938.36498209
6890.70500234, -3078.57151464
6834.20669257, -3170.53857936
6787.42680838, -3210.59656776
6764.66046124, -3213.86665002
7327.27149661, -2151.07936045
7436.56975637, -2124.26722862
7450.59671662, -2158.62191369
7433.23311409, -2199.50596079
7430.49758926, -2321.13045217
7434.24821647, -2417.57698034
7440.67320975, -2497.47516218
7430.86121792, -2612.03398906
7445.64767685, -2714.97747177
7472.29062495, -2787.93056161
7533.28285686, -2839.78562545
7641.92424166, -2878.73494521
7786.21611267, -2933.77907259
7948.33592742, -3000.40613666
8157.9681188, -3060.20868121
8397.42692058, -3102.59361076
8643.52485438, -3134.93254978
8842.91486526, -3116.39546363
9015.14723056, -3091.65658042
9137.17664942, -3069.0773658
9245.88459423, -3010.02160626
9340.68615129, -2889.31673983
9428.66859009, -2728.17056252
9514.47515656, -2495.60824152
9603.63997031, -2216.09145134
9693.48866526, -1906.16853832
9750.35583881, -1556.53140561
9785.56707889, -1182.72775585
9773.81844856, -798.494793071
9699.15191643, -433.401778923
9585.47665081, -99.1684263299
9442.54348476, 213.687946535
9275.45460416, 490.746254441
9097.09414809, 712.641607508
