300
0.0, 0.0
-16.3458292253, -98.2894392442
-30.4057349567, -35.5174785386
-30.4057349567, -35.5174785386
62.3114053654, -17.9524026636
189.517978579, 30.1982747063
344.265538485, 105.817007196
583.680815293, 201.865563826
880.273381935, 287.876315553
1207.89525221, 372.409800757
1466.64489468, 448.781408834
1680.82225848, 499.398173216
1794.26676495, 533.314894038
1826.87445434, 556.867783296
1804.43939551, 582.493320075
1062.86380136, 1263.09205514
1026.94766157, 1198.47757609
1021.30243108, 1177.37943938
1021.30243108, 1177.37943938
1036.81171264, 1028.61969286
1063.39817922, 816.037568032
1086.72675502, 559.394279495
1103.41024235, 281.63600104
1117.17290305, -60.1806006201
1130.64354048, -444.008090421
1143.11983869, -768.84395972
1163.83646433, -1048.5345413
1190.0297884, -1297.12840641
1193.34987024, -1494.10042741
1195.45652116, -1619.08267424
1179.77348576, -1697.35810078
1174.11140206, -1717.45637952
1061.56236754, 212.920970851
1162.22781203, 233.620446308
1115.50413854, 216.83061797
1085.23874799, 232.322749344
1069.22998291, 114.036150608
1040.70628843, -92.4738947972
966.835067741, -278.745317065
864.069085031, -471.504630193
742.39006684, -669.583444134
605.937789467, -821.904736144
458.863363677, -937.399815167
356.344363354, -1026.14019252
300.026587094, -1067.09514432
879.864277157, -281.211404077
1222.69207126, -327.440221852
1269.50001078, -315.649683387
1398.33001064, -304.476897871
1529.17106092, -353.278737624
1661.0962352, -407.063014043
1766.19377624, -471.300906806
1839.24530248, -533.078528279
1891.23239842, -591.210635208
1906.97180916, -634.951587981
1971.01060633, 965.354955296
2117.57943591, 1110.84577356
2167.94862394, 1148.70003219
2178.67741034, 1164.88314507
2240.19119622, 1134.9155935
2335.2395979, 1073.50874259
2398.49478287, 999.564293346
2464.83380781, 920.671113853
2485.44901723, 825.004959229
2474.23730354, 718.800922224
2458.00944676, 613.512477158
2387.92408502, 499.315095099
2280.77656538, 388.493576267
2135.53332347, 283.030783405
1993.17168303, 184.617555987
1899.34804674, 114.026301043
1836.23350315, 60.9550810942
1806.64224089, 36.4528934837
1806.84447937, 24.4545977883
1815.92746718, 19.6069867812
1867.37526049, -6.52966495987
2016.65745644, -22.0159806116
2231.81230626, -29.3909787574
2489.77566371, -25.0428512676
2789.86788175, -27.9857528671
3119.36045804, -54.4365028449
3389.16491357, -99.8958888053
3544.76094957, -193.286860441
3623.07589825, -329.986417181
3636.85511518, -494.777597712
3579.86350761, -673.763509633
3476.23249258, -874.538539766
3329.86038275, -1091.03612743
3166.58047214, -1253.81103579
2992.72897273, -1382.75930508
2849.46859356, -1487.18853355
2734.27716925, -1536.13683041
2636.40906019, -1544.78745055
2240.14271546, -108.261786301
2298.95446942, -37.2605356382
2308.86296741, 86.924091702
2316.13162455, 71.0443365595
2317.95177094, -36.940324699
2299.12881722, -166.275920779
2227.25731248, -352.513636632
2122.03105848, -577.31896457
2006.16580285, -764.298221545
1913.58930391, -908.878966611
1835.55563799, -1026.21074825
1806.31829308, -1071.70995333
1806.46997195, -1080.7086751
2473.42431574, -182.340764222
2716.10911477, -280.264654667
2730.37677773, -296.026437359
2715.56981214, -248.26919948
2676.66543289, -372.942569832
2620.37032556, -533.914185003
2519.46923314, -718.640927919
2376.97858276, -928.072096934
2206.09876658, -1173.98689605
2006.64439932, -1445.38688754
1836.78129433, -1692.28469142
1685.30877538, -1902.86739728
1558.42822883, -2089.03218156
1471.90143736, -2236.5113813
4786.22915179, 738.768236042
4806.69238536, 830.126082294
4784.566203, 896.762649239
4762.94561687, 933.403476946
4756.6768177, 949.300085296
4751.67752783, 949.215819259
4772.59027926, 954.569026486
4809.58502432, 955.192595157
4907.45313338, 963.843215297
5032.43538021, 965.949866213
5175.41507058, 968.35987486
5303.93619396, 938.52163021
5367.22508535, 862.577465019
5387.95826723, 759.912304573
5340.64502846, 600.092226243
5229.42514535, 434.19425277
5074.24521778, 265.555022227
4916.28480798, 83.867078391
4750.71867689, -61.9439508097
4578.73206777, -182.859649888
4466.07966204, -263.769695518
4406.91399073, -313.773928715
4382.40628437, -343.191140162
4382.40628437, -343.191140162
4441.61699657, -355.1949546
4521.31913002, -336.849112444
4689.67155905, -297.006175345
4880.03771674, -257.79232566
5086.00845951, -254.320564951
5267.28611065, -269.267577969
5400.76729875, -356.030314343
5503.14625165, -496.324826006
5515.14484433, -674.147866621
5452.72709796, -887.230068923
5340.5579165, -1056.14446953
5197.88739958, -1195.56872711
5091.89693553, -1256.3636408
5011.26235694, -1278.72576806
4935.18888483, -1275.00732194
4882.47158224, -1232.88979581
4845.87549843, -1138.49315048
5588.79459748, 949.323942145
5704.55321512, 1083.29387326
5734.84649637, 1184.81883133
5775.27899875, 1159.49665228
5821.48603853, 1088.26527244
5860.19981074, 986.9033277
5863.08170919, 815.927614041
5836.422905, 617.450138847
5824.04861698, 402.211022988
5835.4573474, 259.383011483
5862.90303057, 173.833409057
5863.72883773, 124.840368301
5863.59401207, 132.839232098
5862.66708567, 187.831420701
5861.20085663, 274.819064493
5889.58420671, 430.319499986
5941.22260706, 630.218163337
6019.3515765, 860.567602525
6102.05298689, 1056.9892834
6140.78331532, 1132.65275979
6147.86658718, 1127.77144237
6194.0622925, 1116.54839421
6271.60751239, 1084.85077801
6370.40254785, 1038.50920955
6456.41852134, 978.950395723
6515.45518272, 917.936687321
6557.57852457, 851.637184522
6543.86149871, 775.395180342
6463.59217194, 672.02770393
6338.63259404, 549.904389646
6172.42604108, 442.087963481
5998.10265186, 341.135717479
5817.67899555, 246.081500082
5696.53898302, 194.032510057
5648.88286438, 173.226396613
5648.88286438, 173.226396613
5648.88286438, 173.226396613
5713.70510066, 184.320434835
5814.26942591, 211.019058141
6000.46761963, 260.164074743
6194.73208997, 305.444485105
6393.55214805, 317.796995134
6490.74061008, 307.433460549
6500.61569863, 255.592524735
5882.06916114, -13.870238854
5661.86446183, -3.57993282089
5606.43408983, 21.4894481162
5580.43778249, 21.0512647258
5574.62401992, 9.95170776108
5590.58252236, -46.7873986822
5608.0633322, -134.505249131
5626.31938957, -268.216566412
5641.62643265, -404.978017239
5659.96675606, -543.688624394
5681.32902535, -624.340056191
5698.08514727, -669.064013732
5711.42036509, -688.842081529
5718.26769204, -679.725387306
5729.27164851, -620.531528316
5741.70231187, -527.308791774
5787.18436676, -377.520999604
5859.71314659, -230.277744761
5950.27307637, -84.7308481356
6041.09713873, -14.1901528132
6137.37552756, 29.4386432311
6266.95258728, 55.6261515741
6417.77946258, 67.1697076517
6552.89511482, 61.4460268436
6672.21527794, 43.4543990231
6779.94162235, 1.26394132368
6815.76245862, -47.1392371761
6759.22007192, -134.104509018
6640.05740338, -244.128408362
6466.15534435, -370.077103729
6265.20656038, -493.48126177
6044.72117226, -585.210175563
5856.89403316, -656.385774021
5759.36298825, -685.033553653
5721.53691728, -695.672555278
5721.53691728, -695.672555278
5752.5325145, -695.150105851
5809.52441905, -694.189473033
5960.94667535, -658.632472357
6154.12702168, -608.36962533
6376.32010248, -558.617893264
6578.51602379, -509.203225345
6706.12707398, -485.049139365
6783.99802355, -476.735583372
6768.84847507, -467.98965971
6696.33625147, -438.207493424
6585.59347993, -395.067737372
6479.09160394, -306.850106426
6399.91162294, -178.16626669
6338.29090209, -23.1827618824
6303.83487864, 122.257199777
6287.48875243, 201.993039637
6281.88274709, 237.903660686
6288.05042701, 228.006200184
6306.2277371, 158.302646486
6333.09489247, 47.739741486
6335.84196527, -115.237108376
6306.14988074, -311.765427242
6252.81512218, -529.695240552
6194.21142242, -731.711592304
6139.62400778, -934.660389201
6091.03574098, -1137.50806686
5470.89948326, -1371.99265454
5372.04285069, -1440.66845957
5280.6175916, -1416.2057941
5255.50868853, -1350.61964475
5276.18549506, -1331.26842588
5374.53101267, -1291.60535532
5477.67358166, -1239.85972302
5646.04286391, -1201.0166439
5857.40603906, -1161.44887686
6109.83080401, -1125.18956022
6364.32269773, -1092.89596906
6577.14076745, -1080.30751413
6760.11477681, -1077.22337719
6928.31000824, -1087.39019203
7054.39323229, -1091.26583576
7152.26134135, -1082.61521562
7233.99689716, -1066.235383
7257.75694968, -695.782336167
7304.05347727, -534.979253069
7323.85391701, -463.635419518
7347.36176539, -434.235061278
7376.35764666, -433.746318266
7436.500804, -441.733847598
7483.23581195, -484.952350944
7521.35972191, -551.319266572
7555.00679141, -648.76604545
7580.87408882, -759.345803657
7600.87706403, -878.025544904
7602.44441231, -971.012336544
7603.84322852, -1054.00054844
7589.10949147, -1129.25954785
7589.81732618, -1171.25358278
7582.40832464, -1206.38343756
