349
0.0, 0.0
-151.510948361, 10.0713716409
-224.454893621, 7.21115313508
-276.944023439, -6.85622938449
-290.619824612, -15.3986214552
-290.423919234, -20.3947820895
-251.101236609, -27.8598092896
-174.571878837, -39.8705294603
-72.0427805253, -25.8425574234
70.2402216487, 20.7680346383
282.60672117, 92.1435898455
541.956835894, 190.380639844
800.072632039, 294.573901529
1042.00480878, 403.136426641
1273.57232933, 495.280245893
1480.23740886, 584.446074007
1625.57699373, 655.194961415
1730.33987215, 714.345103461
1790.52911562, 761.739775846
1158.19413235, 1319.39241766
1142.4025531, 1364.80856044
1131.62661033, 1384.40139223
1126.08191464, 1398.19473663
1127.13980367, 1371.2154692
1129.1772196, 1319.2553986
1126.57087515, 1207.06713287
1114.16811482, 1089.49089575
1097.3174995, 906.690302849
1083.07254041, 682.960373827
1063.36101836, 419.98612433
1040.9455433, 123.880490345
1019.39205189, -194.208250431
1000.34614932, -576.247847325
1001.06950807, -926.488445703
1013.96008188, -1255.23581544
1050.22480536, -1593.0743417
1082.53224023, -1829.99042316
1111.17612985, -1998.99790106
1127.84916858, -2092.41636701
1129.4164116, -2132.38565208
1129.4164116, -2132.38565208
1116.40691812, -2106.87578969
1053.60332473, 311.520519574
1051.74233835, 384.503645909
1015.18203625, 347.042408477
959.890886018, 276.822121476
886.926776703, 146.863517484
798.092267177, -37.7588807167
698.716671919, -259.823040516
592.013297928, -499.187595074
476.297129555, -763.924763558
351.52921513, -1001.99611322
258.717252931, -1212.7944521
194.844070742, -1370.41810704
147.899407207, -1449.31803458
142.922722407, -1475.53315633
515.190885016, -301.045431782
730.222385887, -144.500059339
792.037758692, -113.053919909
865.079771344, -87.1721814105
949.015040592, -134.920171695
1038.08348953, -211.489169357
1127.93555999, -308.042809556
1208.91208452, -407.946775814
1283.54058662, -499.092739383
1355.93553801, -584.321672341
1422.84468002, -631.736508781
1485.46315017, -646.294228262
1790.80384197, 856.823552198
1779.36182091, 893.403330137
1778.18638864, 923.380293943
1808.10469554, 951.574174706
1855.75438903, 961.448723341
1923.70217365, 964.11303647
1989.31834018, 949.672860216
2054.67971501, 916.208092476
2125.93841521, 859.956891196
2188.59583703, 793.360738969
2246.53136574, 719.574056476
2288.59672364, 642.162780397
2300.76347989, 561.577607801
2295.00271477, 453.268727347
2245.90263327, 327.248165545
2161.18282489, 190.823995886
2053.04968576, 64.4902148871
1923.61922336, -54.6725116803
1796.22640629, -174.756108224
1701.71041142, -265.529048651
1628.47226398, -337.453827136
1594.5178475, -364.805200074
1588.52245474, -365.040286526
1601.27738594, -358.535539784
1631.15651176, -329.342426895
1718.89326295, -269.859131003
1844.85562666, -189.86236276
2019.36884858, -122.973384799
2210.06568992, -60.4536702661
2412.57688723, -18.4868385671
2633.58361681, 11.1952348404
2824.67203949, 12.6834274849
2994.89413073, 10.351121165
3159.9436318, -13.2001462713
3286.49325282, -50.2702611712
3387.00395223, -112.379836152
3453.79532161, -207.836176832
3472.44711936, -326.196264871
3459.02542166, -468.831667316
3394.58399918, -637.486056728
3292.759472, -822.617808909
3163.70111512, -976.792840992
2993.38026826, -1150.59965653
2820.571079, -1337.51403293
2643.17747451, -1458.55745112
2490.39279709, -1492.56983629
2383.29875938, -1466.74606648
2226.99237331, -390.043547825
2294.45119742, -196.25163094
2306.26578281, -165.765313154
2306.46168819, -170.761473788
2292.41355209, -195.330760964
2258.16493344, -291.746693881
2209.73093022, -434.754201839
2140.2933471, -603.604496628
2070.58149645, -765.460166529
2000.67374043, -922.319675796
1969.26609385, -1014.62113698
1965.95471946, -1057.78402381
1982.4126064, -1069.14791213
2585.52194851, -115.785378013
2768.1071602, -101.620616323
2789.44366454, -109.790902881
2808.80095106, -195.097968583
2800.21868969, -333.540537144
2773.00364759, -481.72063528
2718.65238436, -678.000894565
2641.49498234, -905.198463466
2547.35063417, -1133.06211065
2468.43008376, -1315.29423384
5156.39407474, 1009.80846996
5057.17680963, 1141.02178599
4996.16499299, 1165.65018889
4960.76087672, 1175.27040465
4941.77546631, 1174.52596422
4941.77546631, 1174.52596422
4941.77546631, 1174.52596422
4965.75703735, 1175.46631003
5005.72632242, 1177.03355304
5085.66489257, 1180.16803908
5180.59194462, 1183.89024124
5285.98149085, 1176.01346864
5376.36284993, 1142.52899566
5454.42026964, 1091.54822254
5524.07231634, 1025.22633784
5585.76968711, 957.591772411
5633.55617025, 887.410207672
5672.34956424, 816.876013254
5681.94961594, 725.181744037
5653.0497876, 619.968627355
5599.77634805, 472.768285512
5514.68420475, 320.317220748
5413.17335558, 178.230812173
5301.31755547, 44.7456819846
5190.50016856, -89.6994992548
5109.09173457, -182.960782082
5047.57010512, -247.420762774
5024.29379344, -266.347286867
5018.49430605, -271.578533954
5025.48893094, -271.304266426
5035.16780361, -262.918598657
5084.11070199, -234.979509588
5159.52351381, -192.992513833
5248.92557542, -150.456983023
5340.0321285, -125.86844942
5434.64573195, -114.15239024
5532.04142116, -122.342611446
5637.62687276, -135.215544683
5747.71860685, -160.921771268
5832.49638392, -204.63365197
5900.67902559, -259.003932222
5958.47730584, -354.812902581
5988.14013282, -498.761215164
5980.08670126, -676.213017748
5947.44427729, -864.636668486
5872.18750155, -1063.73819461
5760.42931001, -1276.28020604
5623.45522886, -1483.8063516
5476.33210213, -1687.72737941
5360.26376289, -1841.39305751
5264.27836299, -1920.21439349
5232.32241076, -1947.48740428
5230.71598667, -1906.51888708
5245.43088927, -1745.8189442
6293.8336837, 1046.40267677
6426.79158992, 1330.83051503
6458.88479061, 1380.12581368
6482.76852367, 1409.08384012
6495.21000627, 1423.58244387
6501.20539903, 1423.81753033
6501.44048548, 1417.82213756
6510.98210968, 1404.18551747
6520.77829616, 1358.53428824
6532.39651736, 1291.93836542
6543.62269839, 1184.29556324
6549.4998597, 1034.41074422
6556.5132722, 855.54819351
6563.99685761, 664.694857282
6564.48581813, 473.567253526
6572.00858461, 281.71468517
6592.05142524, 153.401456938
6619.20666339, 73.4040004731
6650.14344884, 24.5786453179
6536.17531177, 710.640059283
6511.21444324, 785.719717264
6514.60417979, 826.884139842
6538.40955069, 857.840630533
6595.28764918, 913.111616706
6687.86383671, 976.787746482
6805.2641031, 1045.44033165
6926.09305771, 1103.21890665
7063.49744247, 1146.63589695
7212.32437246, 1179.49232569
7322.00481996, 1189.79763675
7390.46195857, 1179.47193223
7431.44995161, 1155.05913995
7446.92808225, 1117.63685418
7420.6146637, 1048.55281837
7365.14708393, 957.309475632
7241.90791966, 833.385674883
7082.48078822, 688.027531806
6897.54379438, 529.659895246
6777.94892895, 414.885907941
6725.14612112, 357.773181816
6716.85829133, 339.434373854
6742.15254311, 332.420043724
6794.1126137, 334.457459646
6862.5110954, 351.150203626
6965.98076893, 392.235805239
7071.21382026, 439.395161764
7179.28784367, 490.668990022
7255.81743085, 529.697470472
7311.10835167, 548.878556852
6528.49260928, 191.940747463
6458.74180697, 82.1235103084
6396.49567174, 112.708124894
6393.55640286, 34.5329325469
6397.55287255, -67.3887443918
6402.13705838, -184.298903233
6407.38732249, -318.196008231
6407.46499641, -473.312074345
6407.09197327, -642.456571311
6412.3030563, -775.354444182
6416.57379353, -884.270746008
6432.24760014, -977.728393027
6450.95851361, -1021.02852833
6464.30116094, -1029.51226349
6472.74571503, -1015.17038403
6470.35566942, -954.217224295
6467.06445909, -870.28172564
6463.18553262, -771.357745082
6459.14988185, -668.436836016
6473.62946859, -552.780700995
6507.81943034, -429.346319578
6574.8468038, -326.641250538
6675.04474283, -227.639366644
6798.53846938, -135.730175029
6934.9830325, -42.3123973074
7094.56665884, 48.0096166418
7268.25707818, 135.882469267
7421.139823, 192.916374426
7539.38236781, 214.565868558
7633.50609311, 213.252729013
7693.51867763, 188.585145038
7725.7094869, 158.823562444
7739.8160505, 105.335200499
7710.50493557, 36.1336214597
7625.33465952, -63.2797784304
7502.97718416, -184.166701723
7334.16515281, -319.88515321
7150.46247755, -484.209001456
6955.47450554, -615.95000027
6837.52547468, -721.652536283
6763.62124896, -776.590368611
6718.32264941, -795.379644237
6723.08372359, -789.188346099
6762.38693038, -770.634156926
6822.1843631, -713.247163273
6922.93083718, -628.234529154
7040.38998989, -535.561191865
7169.91829028, -444.416145925
7289.45426939, -353.662910739
7373.3116353, -297.33403553
7433.89268953, -259.931684414
7468.92470029, -234.539594654
7484.67732786, -227.917304686
7484.24633603, -216.925751291
7196.50895865, 281.182873062
7219.68766176, 379.166278403
7201.15294842, 392.450268822
7201.5055781, 383.45717968
7202.48510498, 358.476376509
7200.93687898, 270.348043969
7184.3607606, 131.592026804
7159.12447752, -41.5296934277
7133.35913521, -226.681380257
7100.14847094, -426.135765465
7062.29427572, -634.779145193
7027.47718736, -793.2650132
6993.71821744, -927.690948013
6960.37076352, -1047.08921985
6923.96695631, -1139.58658641
6856.88092594, -1215.27320695
6772.29859543, -1278.63588812
6644.47501593, -1336.68873065
6520.68754602, -1395.584081
6427.91545312, -1454.26405014
6353.14924374, -1487.21877568
6353.14924374, -1487.21877568
6353.14924374, -1487.21877568
6411.35949879, -1465.92168182
6531.3067645, -1411.17998428
6705.87887274, -1320.2702542
6918.38262073, -1226.87241112
7124.85179488, -1132.71042237
7332.98627944, -1055.49619871
7509.5371467, -989.528090723
7663.34076149, -930.456540234
7784.05194346, -920.719469474
7864.32366746, -900.558856208
7917.26349434, -872.463042837
7933.62354329, -855.809250526
7924.84606477, -836.138056592
7898.65064826, -806.141387545
7871.26009425, -771.18773894
7844.67286698, -731.198748624
7819.8881986, -686.135235524
7796.98445124, -637.995663892
7780.42872632, -598.614094949
7771.57288564, -576.944436762
7771.22025597, -567.95134762
7771.22025597, -567.95134762
7797.20029126, -566.932639659
7840.65692146, -603.257855312
7914.91331804, -659.391513366
8002.88446746, -759.021212096
8100.00520092, -913.334410275
8196.57716992, -1104.6975593
8296.34251127, -1351.97852635
8370.67681119, -1512.1890499
8428.71017788, -1613.99341302
