352
0.0, 0.0
-43.6166916502, -16.4494440482
-54.9675561823, -26.0493333378
-55.3612597773, -37.0422855109
-38.6584817607, -45.645610829
-15.6732181261, -46.4688092549
36.5440035252, -41.3344385029
107.716055738, -9.8616092089
208.442187091, 36.5630228592
308.777410166, 100.012554067
407.32866208, 169.529823477
494.994335528, 242.438874348
572.41587744, 308.710322559
639.808035232, 374.34032384
685.142706206, 438.759013734
706.528545492, 505.036052579
709.320261893, 582.986077079
694.374049753, 668.575858844
664.866943117, 766.69482061
628.29273899, 863.06560245
586.542782241, 954.618544027
547.609151861, 1013.04946414
528.94624182, 1050.74158253
520.951367513, 1051.02791242
519.233388189, 1003.05866657
516.584836732, 929.106079228
501.473097112, 786.555613337
485.213242627, 584.007798903
476.515972301, 341.163491807
466.243887595, 54.3473760191
456.043385361, -230.470021192
457.870985825, -514.717553946
467.159387374, -786.223954601
486.945254428, -1016.07938626
509.7677859, -1217.02498103
535.271864748, -1371.03648048
551.03568468, -1489.67670124
562.661697832, -1584.15334289
573.329733565, -1621.5591314
573.329733565, -1621.5591314
563.410518469, -1591.18464915
546.859291347, -1494.53033274
529.385878042, -1339.80580389
514.271890991, -1147.14141331
493.627034275, -941.270604573
468.44507655, -778.264871529
453.218125157, -644.634261446
435.160870809, -617.970886463
414.529442794, -635.243528938
372.837091932, -681.781125347
315.220984292, -781.783046031
243.539468826, -911.300459302
157.151098602, -1060.30398104
62.5559019725, -1186.99947731
-21.9741193007, -1312.05416736
-104.433839525, -1435.1817213
-165.832636903, -1529.04432131
-214.448920312, -1573.33266049
-228.905236418, -1585.82325394
53.7355818067, -874.48355459
259.196462935, -669.706050146
305.992983947, -620.34933205
359.140777732, -589.231619798
422.100412905, -591.486467661
495.44454924, -611.124127022
577.174468162, -648.07301541
664.650004162, -692.232166233
755.123618028, -736.498690763
844.884202493, -772.73454975
922.831431676, -803.544117464
996.10398554, -825.180495402
1061.77536869, -835.537591279
1111.74333311, -837.327153075
1150.14848091, -826.694908578
1179.45481671, -790.72076951
906.154359397, -179.547422552
840.20503231, -93.131647044
841.529308039, -56.155353371
855.168016352, -10.6143209327
899.002250734, 39.849130159
975.818136953, 117.149321779
1072.83595636, 199.729844411
1197.94320954, 284.306290303
1330.79479839, 361.600891289
1469.49937802, 434.683307705
1600.88632151, 499.022029177
1735.98437227, 555.222711397
1856.01765591, 581.943692266
1963.3785946, 590.106341485
2026.51439064, 564.830438753
2049.60143735, 510.969615566
2046.95288589, 437.01702822
1995.01081286, 327.806126525
1909.76496686, 182.764250705
1800.67486758, 14.5609503887
1676.31084439, -133.082504384
1557.51627742, -264.915166721
1468.09683342, -386.792822726
1397.66801121, -481.332660901
1368.25430169, -520.304877834
1363.25750525, -520.125921655
1372.25173885, -520.448042778
1416.40529904, -489.008209403
1506.03110451, -445.187951605
1625.28257159, -384.417172456
1792.39591081, -328.362450497
1960.29386191, -278.339675504
2132.97386203, -234.492012421
2307.40204208, -197.71144683
2478.18790202, -178.811974722
2621.6331488, -168.93973213
2748.26544855, -181.480093399
2860.97550541, -219.5385101
2934.10209902, -273.190176504
2979.13646352, -356.855617482
2987.69002102, -481.241455318
2965.29643649, -631.536256865
2921.52260331, -792.072394631
2863.7577401, -952.107455094
2803.03059025, -1111.03578256
2741.66478879, -1231.9168746
2681.08639452, -1330.81206228
2618.04679092, -1414.60948694
2549.94160373, -1472.20882267
2480.23419687, -1490.72577245
2397.28737593, -1487.75509987
1985.11735939, -814.57170921
1903.05468596, -535.455751891
1881.536863, -493.658822639
1869.54455154, -493.229327808
1846.87581839, -539.447598411
1815.03110016, -618.358395647
1777.29480458, -722.074218914
1725.03061042, -840.279354206
1666.44813941, -967.263975678
1602.65412455, -1100.0657967
1547.03673548, -1200.13929986
1510.37417698, -1273.87434447
1487.38332271, -1329.08684867
1487.38332271, -1329.08684867
2191.59437171, -441.722888125
2306.12698629, -456.831832428
2314.57876071, -528.180045504
2297.68584525, -636.644921879
2264.87196832, -770.556271216
2205.96458087, -934.552977597
2128.74660511, -1106.89967533
2038.28641994, -1285.77660201
1935.65496713, -1469.22083031
1833.05930556, -1651.66569931
1730.67839141, -1828.11441259
4801.02210529, 473.468842178
4719.39676476, 485.397957119
4701.40829757, 486.042199365
4695.41214184, 486.25694678
4702.40765686, 486.006408129
4716.2941085, 510.525104274
4765.73079502, 549.780855777
4837.79762813, 606.237667283
4948.83947349, 661.298620588
5063.87875601, 716.216408949
5174.06161171, 747.292739331
5278.17393389, 748.567247239
5347.62800678, 732.070830687
5380.06719944, 687.881479262
5388.37580892, 612.535829033
5347.92776536, 516.922253781
5278.49550713, 394.328773057
5190.00383993, 270.416607239
5081.34603079, 142.223469697
4962.44409012, 7.39272949416
4837.3312463, -133.219419023
4727.67687319, -233.358914017
4656.9645164, -307.875775186
4611.4894758, -348.274050922
4611.23893715, -355.269565941
4633.79750127, -340.067224516
4681.84392023, -283.750782637
4774.43480764, -213.019406522
4887.44237566, -131.011543665
5013.83252271, -66.493866014
5104.63384833, -45.7304543227
5164.38065823, -53.874084208
5203.52903602, -106.308848591
5211.8376455, -181.654498821
5194.55382176, -273.094476057
5159.77981281, -377.91703232
5107.30087124, -502.118323343
5044.36305072, -638.953372756
4975.2529136, -752.552619883
4918.06630079, -840.562229106
4887.4714805, -912.513302558
4876.22519435, -947.132965295
4898.2110987, -947.920372485
4965.59766586, -938.326073829
5064.14612245, -896.826655732
5189.00004167, -847.263576172
5327.0961703, -791.170267659
5472.61171813, -779.370888962
5552.77241331, -804.255883417
5592.02816481, -853.692569935
5602.08495422, -936.105317656
5571.16521748, -1045.06847602
5507.58595003, -1171.87414131
5423.59279729, -1281.93844203
5308.61950662, -1390.89321444
5192.8973953, -1492.8166806
5077.35424017, -1589.74335031
4973.62723563, -1664.07845998
4903.41875147, -1696.5864398
4854.27119016, -1699.82946569
5782.28555285, 435.32377065
5821.98757109, 565.98650347
5800.75887333, 643.796158344
5770.60193381, 667.890950291
5776.13280348, 654.684532126
5792.7612037, 616.064636918
5817.34589169, 548.141201222
5840.2511869, 461.265730281
5866.01139503, 370.285448478
5899.19661302, 291.046939485
5936.70138928, 220.659499145
5976.41963153, 156.196632064
6018.49450472, 101.655775395
6059.82055727, 54.1462249818
6093.76018653, 23.9121123596
6122.455276, 14.8792922106
6140.69428185, 21.2305649835
6141.73222769, 50.2119843488
6136.45469199, 98.4317688463
6106.69425139, 161.53736428
6068.1543246, 230.961236568
6022.69046527, 302.634366084
5985.29306272, 376.019884289
5975.16189552, 428.41606212
5983.16236047, 484.165434858
6023.28548758, 542.766925201
6092.28266035, 597.332391838
6179.19671785, 649.254897651
6290.98738385, 697.284544701
6407.63168134, 741.137798418
6528.09445981, 779.851090748
6649.30605892, 811.533076824
6733.82489893, 824.516361623
6793.78645624, 822.368887468
6836.15045463, 803.84075642
6845.35384501, 753.479088402
6814.93798089, 686.524811393
6756.21514025, 583.560604079
6674.89794426, 464.394696052
6578.19665535, 334.77270439
6472.2533895, 226.495170145
6375.16398763, 141.915928936
6316.65868972, 72.9657286661
6283.35491676, 37.1347545421
6282.9970044, 27.1411616575
6283.24754305, 34.1366766767
6297.52490298, 41.6304736817
6314.51401088, 41.0220226713
6330.5037595, 40.4493628967
6336.31816373, 7.21996772614
6334.4928107, -43.7473559853
6318.88558441, -144.253149289
6284.7530224, -259.105089673
6238.23444532, -384.520487399
6183.14833416, -525.639303853
6129.06158229, -666.793911544
6081.79418458, -785.178003015
6041.05981114, -888.786452575
6004.85974338, -977.547677751
5978.1191953, -1053.6393533
5961.65856998, -1122.0940669
5953.90864369, -1170.84792462
5961.18769328, -1191.12144028
5977.1774419, -1191.69410005
6007.51613291, -1182.77424424
6044.14010486, -1138.05641023
6092.5802274, -1070.74701618
6156.76235523, -982.987945609
6230.36821149, -883.5586847
6324.21179216, -777.849733489
6441.39854883, -662.97038782
6574.39609794, -553.660498368
6706.28691404, -447.312895545
6844.45742045, -361.203017143
6993.43912754, -308.501490091
7106.6200611, -277.532533416
7193.5643192, -280.646370941
7238.5684831, -309.275468581
7255.01792715, -352.892160231
7252.79887052, -414.852436115
7216.70617648, -500.615583427
7151.0594033, -601.330533512
7064.13975517, -709.28874195
6952.45087224, -810.356013761
6835.12374595, -901.214945271
6714.01392991, -985.934556106
6611.28628467, -1060.30545702
6540.75567938, -1101.80767043
6491.07124953, -1120.04108564
6478.43749114, -1109.58220669
6490.07748088, -1063.96959178
6516.56749031, -994.873431248
6564.29737878, -891.515520339
6616.56157293, -773.310385048
6676.2149857, -644.362836234
6721.87736843, -514.914210118
6758.25918768, -393.138337187
6772.26139898, -281.568009238
6759.42407445, -165.033880767
6729.74080695, -43.8938641309
6687.10165993, 78.7107978606
6645.88577641, 157.236277452
6609.8758461, 185.54325397
6589.70970416, 181.262282245
6576.99877266, 133.686739994
6562.67444023, 13.1221784493
6542.59890009, -156.267823286
6517.13285991, -336.471821015
6488.48978568, -521.565241479
6459.56038157, -714.65353625
6435.55619143, -909.919505778
6424.51067612, -1078.63226935
6424.38932582, -1221.71960378
6433.87066014, -1348.13995143
6452.45639707, -1443.86649102
6479.75283303, -1519.89217473
6513.51071079, -1583.14093511
6557.05022933, -1624.72591226
6618.6883841, -1635.93920249
6692.07110698, -1626.55965125
6791.83367029, -1579.09986865
6916.47563741, -1507.51509351
7058.67937221, -1420.54902076
7194.31708682, -1321.3400979
7322.92349517, -1222.87999568
7446.42573338, -1127.23901514
7553.72347555, -1037.02153056
7622.32974005, -965.431164788
7665.55831874, -903.938970287
7690.47630911, -850.796767136
7701.43626537, -824.171978707
7701.72259525, -816.177104399
7701.72259525, -816.177104399
7705.64565462, -846.336839233
7712.81453518, -897.626284067
7709.55753272, -988.567979317
7705.29837564, -1107.49173464
7700.39497632, -1244.40395716
7680.93068251, -1368.78699968
7653.32834944, -1496.88114947
7619.62248694, -1627.7586297
