313
0.0, 0.0
-53.1388716537, -77.3127435768
-121.675330298, -66.6941826319
-131.66149573, -66.1683500026
-102.123665536, -75.7347802365
-44.8865575407, -53.7140293792
88.2989219097, 3.3616052083
271.836360079, 84.8233065802
510.19440341, 237.500885743
784.187142721, 382.293768182
1081.6734297, 516.83710342
1308.04667816, 613.066788985
1447.06657253, 685.85737195
1526.48404298, 729.74205478
1576.205468, 761.17102063
1596.54634716, 786.135968759
1597.86092873, 811.101382341
1069.97482376, 1416.69717177
1079.541254, 1446.23500197
1086.9522359, 1453.85585147
1096.93840133, 1453.33001885
1109.39411832, 1423.63397341
1126.10675233, 1379.69438005
1136.0905905, 1284.0370595
1123.15743508, 1133.50887778
1097.34650022, 947.608916403
1063.49311885, 723.078409412
1031.00597141, 486.459337377
1006.08709021, 241.430666891
990.31211133, -58.1542960848
972.959634564, -387.697755358
960.494608535, -738.527661618
954.861217616, -1130.77409552
956.588087149, -1440.29310612
962.25823595, -1693.94217355
961.990665112, -1889.19823212
956.048756401, -2002.04190151
952.998927151, -2059.96166101
940.016912089, -2059.2780786
923.304743525, -1996.31218766
902.336588831, -1881.05015363
886.678878241, -1683.95414631
1101.84492276, 63.1487623009
1153.30252636, 165.584669248
1143.26424312, 184.138182919
1116.301131, 166.531633433
1058.64242599, 98.46935506
980.222175729, -2.54680378782
876.256699633, -170.312055792
749.112244538, -359.888656507
605.201175808, -563.603173164
463.18263909, -750.393791849
375.984707535, -865.968532742
324.370285054, -933.347694149
324.370285054, -933.347694149
577.876962633, -302.805574682
816.656602973, -104.086468003
935.913568628, -64.302348776
1042.97633726, -46.9079941516
1172.16502328, -84.7535144361
1271.55203188, -156.078282372
1352.70149184, -212.423336708
1417.92567037, -266.928442293
1472.11248366, -321.853748529
1520.30806315, -357.437257603
1553.20936036, -379.197419407
1581.43353989, -375.676668053
1793.63863085, 649.583298672
1889.45649391, 776.720771981
1918.20697152, 809.253986352
1937.96990023, 842.26045009
2001.25129075, 864.964317913
2082.13969621, 879.731371201
2175.27395105, 879.834210465
2273.6111562, 864.642302002
2363.43359638, 839.88489421
2428.18499099, 795.418537321
2477.90408875, 731.716015247
2498.03230759, 657.555009279
2482.10423345, 545.237172521
2442.20936227, 434.181334073
2371.35737824, 324.755576776
2250.94125354, 167.870405673
2098.3590664, 8.67343281146
1923.28148269, -159.352873698
1752.98664863, -331.636562695
1649.70661676, -410.314609299
1589.89385979, -443.214975606
1580.9063109, -442.74172624
1598.40862477, -433.649476277
1636.25228324, -380.565980601
1735.43268241, -303.674834032
1894.42583855, -193.883321156
2090.94575724, -94.0789046178
2337.08100351, -2.89535048527
2583.11015234, 48.2383753912
2827.4040535, 66.4177553404
3062.55219054, 63.0482374415
3251.13203652, 12.0615559487
3409.22708812, -66.3600906735
3504.40883204, -160.495289316
3553.07579909, -263.196439839
3569.15557214, -395.224622053
3520.27222116, -543.859806304
3410.20987928, -713.306791818
3258.15259387, -900.570194416
3052.53763251, -1097.0300826
2832.88945628, -1293.75242164
2606.62044344, -1426.03746929
2443.52812005, -1518.58958462
2343.08804984, -1524.3160403
2284.38140319, -1460.14026886
2232.14063608, -1349.23985294
2468.78903162, -183.070252541
2526.07918833, -141.024587556
2492.80841192, -183.333634308
2431.8374268, -295.282457321
2334.23219826, -437.346595516
2212.60712396, -598.173649528
2068.90638828, -797.893700012
1958.42477666, -918.250725117
1926.73010178, -987.680168326
1938.81820137, -1005.34023198
1977.02947723, -964.292718085
2546.41634387, -268.270020105
2854.67707977, -138.299566931
2914.96168976, -153.490544489
2929.57145871, -218.34850199
2909.96395252, -343.490604022
2834.27523921, -506.736488129
2720.27054897, -694.000821632
2571.05136339, -884.417823649
2448.6370747, -1079.2504234
2349.7712442, -1188.20246587
4010.5217554, 817.244302198
3950.13151344, 811.411749085
3940.82893042, 824.919596776
3932.89304679, 845.365177008
3932.89304679, 845.365177008
3932.89304679, 845.365177008
3940.88197914, 844.944510904
3976.14905773, 849.095795961
4030.44243391, 853.246615566
4110.33175737, 849.039954532
4195.79211398, 836.528861574
4287.55920398, 810.667670713
4382.47942795, 768.618282108
4448.01910606, 720.104875783
4494.26957027, 666.598852193
4527.11781877, 624.813776261
4543.04216929, 584.921232341
4548.0343211, 546.605720857
4530.37332654, 496.465026095
4482.91112002, 431.871381266
4415.89678329, 357.292036457
4319.0812346, 268.25974158
4214.22417029, 178.649496264
4103.48057326, 91.3519836115
4024.95608737, 26.3911868466
3972.08059748, -26.9021764291
3936.49755386, -56.0714583304
3922.83195638, -68.3698909746
3922.83195638, -68.3698909746
3922.83195638, -68.3698909746
3940.43943677, -57.2804079254
3989.31952958, -41.8293067674
4060.43256811, -3.51565709282
4163.55391928, 34.1139447113
4277.7126357, 72.1637471664
4397.12688569, 95.9174184385
4485.37322433, 98.2804071035
4572.77823077, 84.6655310765
4646.20214016, 52.7605231457
4709.58636994, -17.6698638685
4738.59650569, -113.327649873
4720.61814975, -245.565234234
4671.57704898, -397.196268115
4581.90770407, -559.705986541
4465.64379533, -713.805641065
4329.19675722, -889.874394089
4155.01215807, -1078.97681453
4022.40276725, -1220.19915507
3917.96636905, -1301.82046804
3881.54199322, -1346.96761463
3889.00602384, -1319.321851
3928.21777806, -1202.22173003
5175.43959744, 975.207656487
5253.91243097, 1077.22243188
5259.95717894, 1096.93184643
5259.95717894, 1096.93184643
5259.95717894, 1096.93184643
5249.5503474, 1089.46874671
5233.57155181, 1052.25748375
5209.60335841, 996.440589305
5177.53966979, 881.968235124
5138.79976858, 716.776770289
5099.32323624, 518.578376264
5077.82319804, 376.512376259
5065.78395809, 242.960675778
5059.05330043, 115.137758242
5054.37339003, 26.2608858916
5058.10400899, -16.9951250459
5062.46609255, -29.2414398796
5068.77329138, -23.5652401976
5082.33465324, 24.7885545296
5101.36281264, 100.893279417
5124.7539865, 202.804284638
5147.04184274, 321.796937622
5168.90949833, 451.826955844
5209.59265301, 558.835744856
5269.77442373, 636.779022136
5341.93912751, 695.065002675
5428.08399745, 733.588519949
5508.23670268, 753.401239216
5580.71550969, 760.600026261
5643.62835191, 757.287280696
5698.97246244, 743.357835997
5729.87652657, 721.702840718
5743.22569356, 689.956978933
5740.3336141, 635.033069054
5711.63478885, 565.445876056
5633.16242078, 482.45739825
5521.20940869, 372.191705103
5386.28775066, 244.109129419
5243.74384677, 66.3586428866
5097.88905912, -98.1994955318
5020.46602904, -256.347130396
4958.28423252, -448.343026658
4909.40088154, -596.97821091
4880.07012623, -716.601397596
4856.10053648, -829.497184794
4842.74857677, -911.909108518
4839.48841447, -973.8233342
4838.01608311, -1001.78459741
4838.27899942, -996.791514694
4839.75133078, -968.830251483
4856.09914012, -886.576077548
4872.49999818, -784.296989486
4890.63563846, -668.08985308
4915.44609497, -558.242498775
4945.19705093, -449.656677327
5004.7487534, -345.644203397
5081.01402079, -247.518727653
5195.48916769, -165.42463077
5341.49937786, -93.0021306449
5508.6908685, -17.689412869
5659.64157813, 53.4715543975
5809.22512292, 98.6684915394
5923.06833976, 130.726594735
6009.94797902, 126.15185086
6061.98074034, 106.388456689
6081.26902334, 73.3284787841
6078.53469366, 21.4004185349
6040.743153, -49.710758183
5945.24172043, -132.803937063
5809.26932804, -242.806248443
5624.62671045, -383.291492393
5433.83417835, -545.483383979
5242.67495977, -657.586698615
5139.92076053, -726.278579785
5098.81880156, -765.171110804
5098.81880156, -765.171110804
5114.37646561, -754.975077772
5174.71458976, -731.114843618
5268.27090705, -665.944179254
5405.45131813, -590.052580133
5537.06069605, -505.856549089
5666.25264023, -410.51798628
5796.28545117, -318.227856364
5885.68955251, -255.842708578
5947.07934191, -212.010143558
5984.44928557, -186.940494355
5995.8551991, -160.503680317
5990.12688161, -136.168800438
5729.97052224, 267.06893177
5728.02866513, 382.330500348
5722.72054828, 395.628014988
5710.73714977, 396.259014143
5710.47423345, 391.265931427
5716.72745267, 338.864621811
5704.47927602, 258.397347911
5689.54935297, 127.000630305
5670.72966482, -21.2148187472
5648.33571115, -180.257299987
5612.7489439, -361.636962566
5558.08329582, -544.014776237
5489.43701612, -725.656424226
5410.38437035, -895.734874347
5353.1970529, -1030.91479417
5311.25236537, -1142.86408263
5289.59643918, -1211.82074193
5293.8003075, -1246.08920398
5314.19283902, -1258.17823447
5361.07569874, -1242.62196679
5439.91521875, -1190.69576835
5540.09423447, -1113.85720505
5672.75434674, -1047.74143831
5847.67185341, -977.84246935
6051.02387265, -900.428282867
6256.68862456, -817.12756365
6449.9488464, -760.211075208
6576.30175983, -699.77150815
6660.76489626, -655.151125091
6695.66482292, -619.937560667
6547.55593675, -542.041746674
6584.66203319, -560.017775358
6599.95631546, -573.841122627
6602.89818547, -632.076381713
6631.22520426, -721.689885196
6660.1822913, -837.37258533
6689.6116968, -982.120331743
6699.01572272, -1145.84132703
6697.22509907, -1293.952075
