198
0.0, 0.0
-24.7785623314, 88.1307145596
-51.8956984865, 104.913471388
-52.7151365169, 109.845866477
-31.0125981252, 113.45139381
1.3647083311, 95.5151169772
59.7119376999, 67.7014364407
131.025208237, -1.5475162251
216.142878261, -80.6675658316
308.326635634, -165.709642926
411.522396428, -256.018197085
517.028350613, -329.723648928
615.963033649, -394.383748623
700.434613392, -451.30959702
775.703260144, -501.654714122
843.247115742, -548.214649379
1579.01882553, 252.191491946
1659.09066696, 270.562670733
1647.25291875, 268.59601946
1630.31573446, 260.713647462
1610.5703872, 227.022086776
1552.01512288, 170.663582349
1472.40341046, 88.5053493786
1376.02155473, 3.56102710496
1283.74950268, -81.7142237622
1195.74483515, -180.472405667
1110.86349228, -279.72540377
1028.94158647, -378.486739056
969.878892428, -462.299614994
923.479691396, -536.912711322
895.007307054, -597.396786332
884.133964189, -641.77888199
884.773747707, -676.138606625
898.070717468, -713.464075077
915.641378514, -752.10695114
941.258299163, -808.673490512
973.774266175, -876.258340066
1012.68815659, -970.150347889
1052.91630123, -1065.85142614
1099.20828729, -1198.05222805
1150.58394253, -1354.7511178
1211.63527329, -1557.48674618
1272.52271644, -1759.23589554
1338.34255468, -1960.16560686
1381.1802875, -2095.98139625
1415.30990352, -2222.09312969
1446.31934826, -2341.62728521
1473.88084651, -2452.61090479
1493.56943291, -2528.40905493
1508.17435014, -2579.70911724
1517.69875158, -2600.42833
1522.63114667, -2599.60889197
2404.33246493, -1591.47805454
2535.53102092, -1575.76376464
2560.022802, -1582.8456189
2579.89419629, -1623.13367778
2602.05055692, -1695.48072806
2617.6198795, -1789.19623475
2633.35308969, -1883.89822046
2650.56128832, -1987.47851733
2660.86098046, -2098.28878915
2670.202574, -2154.51809317
2679.54416755, -2210.74739718
2693.82130957, -2260.07450145
2705.48571003, -2275.3696563
2710.41810512, -2274.55021827
2701.40428678, -2220.29387229
2453.47063099, -990.296351025
2541.8598346, -784.021416323
2536.4515436, -751.467608736
2552.56928986, -738.652841648
2588.0825345, -732.752887829
2638.38350426, -742.642905058
2696.73388701, -764.373823881
2769.062017, -778.714033525
2849.94068293, -789.606296678
3333.66516232, -985.985083833
3432.26891676, -1054.75498721
3437.18554494, -1084.34935774
3450.47620794, -1133.84034962
3459.65391388, -1189.08317461
3463.40440854, -1248.2687623
3467.13913628, -1337.86815855
3472.84366868, -1433.22254131
3482.65169799, -1541.07337608
3497.40158254, -1629.85648768
3509.8570406, -1704.82889303
3522.65604078, -1751.36044786
3540.06912099, -1776.85132148
3552.22833765, -1789.02315167
3558.31425274, -1782.94354333
3570.82962505, -1742.34347614
3583.6853861, -1679.38532013
3597.71043405, -1580.75318526
3612.57068695, -1456.63963691
3640.59240243, -1314.12022258
3687.0010636, -1221.25884111
3734.86894633, -1167.68957937
3786.8340192, -1138.78229307
3841.09036518, -1129.76847474
3897.63483088, -1146.73088608
3948.41800332, -1177.8286255
3998.2052366, -1227.33853767
4045.68858325, -1281.28602872
4088.40026903, -1343.12219854
4125.84863113, -1409.88761006
4159.67885237, -1479.28153005
4193.68242136, -1531.41364391
4223.74638105, -1572.03578477
4252.99720946, -1595.56000712
4282.59158, -1590.64337893
4319.59242662, -1569.29068942
4628.39837621, -810.420551986
4669.88410244, -700.130323411
4674.82911106, -674.979838529
4675.9763243, -681.885191653
4682.54759545, -690.930543801
4682.03385896, -730.550438738
4684.7978746, -789.899914031
4689.18815277, -883.445226354
4695.86339728, -1009.04953006
4705.98028151, -1155.36989315
4721.00748717, -1343.45015019
4733.89469381, -1536.95446515
4746.28708424, -1733.58210476
4752.09559, -1945.49543907
4753.30893603, -2141.95288432
4751.56915177, -2326.73646895
4759.0323005, -2518.10078488
4740.06224393, -2641.88340464
4702.37431307, -2720.11779521
4645.13330298, -2778.28537006
4576.7290154, -2805.86894199
4499.950693, -2813.55589256
4415.46965311, -2774.87832931
4322.30887686, -2671.75185468
4088.7597545, -649.687363264
4311.13991016, -432.302758544
4377.59015999, -368.550391556
4410.49696985, -316.452964888
4481.69680688, -287.391251129
4557.65569125, -274.771905461
5401.6152065, -400.152671988
5527.48737118, -511.022858058
5511.70370689, -513.645059756
5512.50422464, -555.074025122
5524.9596827, -630.046430476
5528.84883791, -738.880590884
5533.55743114, -852.647146381
5540.39656326, -979.23792911
5561.86583966, -1108.46668044
5582.35179042, -1231.77655767
5594.47947327, -1304.77600499
5616.15993799, -1343.74980964
5625.52675859, -1351.31701995
5625.38494465, -1307.75120895
5619.5070645, -1229.65863231
5537.87544621, -134.225713832
5608.27161212, -69.8177964196
5622.56767442, -82.6483304138
5656.4262761, -97.2973949814
5700.96910598, -115.239978577
5753.88912406, -146.996421804
5809.92931342, -185.330442943
5869.08967405, -230.242041994
6209.48782638, -686.625759817
6246.08206326, -815.369155094
6269.89937362, -855.001663557
6308.84795123, -881.983292537
6368.18796637, -897.467562042
6432.29964239, -905.063152786
6521.08275399, -890.313268238
6622.53566536, -854.198080655
6713.31380867, -796.541088905
6802.6201169, -723.923024282
6892.09661951, -640.125915251
6980.42906225, -543.340691383
7042.13603165, -432.732147739
7086.0926855, -312.90805758
7095.84719555, -206.875753381
7075.50305873, -127.131687164
7033.94173957, -66.1181087592
6968.52526947, -38.4651624474
6875.47161997, -45.8148776705
6764.97966321, -76.3358129774
6655.61915279, -144.175909974
6555.44896183, -242.927785115
6473.68148348, -360.923884557
6409.80613462, -531.701341524
6383.57456928, -709.403071904
6419.81580389, -884.835602849
6493.38566034, -1040.88840232
6647.38351386, -1125.79812562
6874.89455119, -1158.96027114
7144.85572009, -1124.24763246
7447.55981124, -1036.4510881
7754.88428917, -915.448339104
8065.34155191, -776.692121172
