246
0.0, 0.0
-12.6037594886, 3.18516039676
-15.5439075472, -8.4490791312
-10.6963077438, -9.67414082226
-5.68793073981, -42.9144199996
-31.3166254045, -201.467786441
-80.669399307, -437.572220342
-144.61761958, -690.616930075
-210.410115245, -906.063785504
-259.902607564, -1101.90681756
-310.791468167, -1274.70532411
-347.053294223, -1418.19427829
-371.383221451, -1543.03839966
-381.065055347, -1630.3267843
-390.865548876, -1669.10758272
-392.825647582, -1676.86374241
-392.825647582, -1676.86374241
391.816457691, 521.90790709
562.438605057, 568.524243583
504.117159609, 619.363293542
493.526145787, 650.920074529
513.949241314, 670.513368512
534.836445977, 491.953225475
589.514294529, 438.940652647
613.633633913, 481.322930402
708.517401034, 501.696215286
834.733995587, 539.937178393
982.567159182, 590.249758743
1118.45789456, 617.794414107
1254.0930882, 640.246457328
1354.28289163, 648.9644439
1432.14214778, 650.948437708
1486.43526558, 637.227746768
1519.34629728, 608.281866365
1535.96785503, 563.855254767
1527.01052875, 475.352337832
1483.94100419, 325.33228566
1418.9361925, 133.409451017
1330.72891442, -121.756134622
1242.51110696, -381.044812443
1167.61103721, -648.856275139
1099.00758251, -920.321864125
1048.79341889, -1208.81196408
1014.48399846, -1442.52945095
994.332646694, -1640.63024101
968.567069931, -1852.7838058
946.795396324, -2020.56340596
928.496013022, -2158.27735794
908.352354327, -2258.39345562
898.551860799, -2297.17425405
898.551860799, -2297.17425405
898.551860799, -2297.17425405
861.710102293, -2287.86378519
522.86406134, -302.322962011
451.214348781, -247.084219355
461.43116124, -235.226026273
488.577720139, -242.086371743
553.343192126, -238.85625746
619.56820875, -233.932115593
691.3653328, -231.447567717
770.194108913, -229.708586247
496.695531356, -577.292429477
431.28209381, -644.307966394
412.861214557, -639.652731968
432.101365962, -608.414669065
467.270155668, -608.019408919
508.511606869, -604.00161066
561.39782699, -598.800868278
623.744763772, -592.896677059
692.143303263, -591.616132089
80.9148388455, -985.874631408
-110.449122132, -1081.91542711
-164.059849875, -1085.90163719
-179.572169246, -1081.98143978
-165.998889796, -1085.41161252
-129.860580129, -1085.26136471
-47.6121606736, -1074.07219597
70.3056025571, -1056.42563498
212.972448265, -1034.71915817
375.306293701, -1004.57413161
521.137241022, -978.510079672
2339.98299145, -193.213870484
2339.98299145, -193.213870484
2283.08950246, -153.050069483
2311.01321594, -140.509486348
2388.20061143, -116.695499337
2481.84878747, -105.292906437
2578.14998166, -99.7179626931
2691.53886317, -51.0151747882
2911.8535613, 269.782945195
2841.77152362, 274.085037043
2832.86400799, 300.059181212
2834.08906968, 304.906781015
2832.12897098, 297.15062133
2832.12897098, 297.15062133
2830.41388461, 290.363981605
2820.07071944, 229.028682353
2795.81449796, 133.046206247
2767.97785593, 59.6287603594
2748.62188121, -16.963316533
2481.01412917, -337.155588526
2448.92804225, -460.039611192
2407.17550759, -474.242633734
2337.63614155, -447.38604106
2335.92105518, -454.172680785
2329.11335667, -460.703778779
2321.02794951, -492.697937481
2302.96021283, -539.703861485
2293.64974398, -576.54561999
2301.8222226, -605.42832404
2311.95479992, -626.554868405
2323.56798066, -637.741200826
2339.08030004, -641.661398237
2355.56213937, -645.826607987
2406.06141246, -625.582512127
2484.99548249, -582.612608848
2582.40307874, -523.682479092
2671.77791479, -476.131047133
2730.04387696, -453.723957797
2768.37676828, -448.971122524
2788.73668745, -454.116381626
2799.87037291, -463.118661787
2804.20688925, -474.528947761
2800.53170418, -489.071747171
2798.75344146, -520.596939981
2783.86033579, -559.122196677
2765.09967967, -592.544311839
2740.52190378, -624.496352973
2700.67682087, -651.558676734
2647.23739972, -683.437012121
2582.13215086, -724.744475993
2508.03515124, -773.062533144
2393.82699758, -857.658618378
2434.58895349, -851.456767859
2428.77183373, -849.98669383
2425.34166099, -863.559973279
2405.65360248, -880.24470738
2385.96554397, -896.92944148
2355.57064832, -927.411408584
2316.66349719, -967.088021226
2271.68368456, -1010.38717198
2232.04149641, -1052.9723445
2199.71809024, -1078.84119475
2404.12318842, -1004.66198043
2411.49745367, -1061.19179745
2394.9208498, -1094.13441732
2398.43809399, -1141.43800063
2418.95879037, -1178.59847722
2457.4419295, -1209.98395161
2512.1829544, -1238.25797135
2582.73395798, -1248.86720764
2673.44198596, -1249.09885427
2759.56848525, -1238.88973488
2842.79695406, -1223.8224863
2906.40054071, -1200.70141874
2943.59260548, -1167.81144582
2969.94864408, -1104.33421188
3175.94853724, -215.721785663
3218.13844962, -220.195184104
3226.95889379, -185.292465521
3243.51443887, -160.596030004
3288.90004103, -148.342576776
3361.26089551, -115.057343712
3432.65223002, -81.5270983095
3505.73759211, -49.4563975444
3585.37511098, -15.9472109265
3562.21678261, 223.010299579
3547.12078217, 200.007891645
3536.4560626, 202.703027366
3537.92613663, 208.52014713
3526.65556907, 163.922228939
3503.52680843, 129.541123208
3478.46953726, 99.7731343345
3465.238871, 47.4190564587
3450.78314304, -9.7826212204
3435.59237808, -69.8928587815
3423.27858481, -143.1074099
3275.85404707, -318.327287975
3225.93187011, -397.509206666
3204.14399448, -381.688698604
3185.94706878, -384.310128579
3175.96473927, -399.321893881
3170.32945549, -421.620852976
3161.26399897, -457.493091521
3142.23727173, -500.130911006
3130.96670417, -544.728829196
3127.47335509, -583.040661731
3132.0127662, -609.973796467
3137.05273138, -630.844799102
3144.06332466, -639.836549871
3150.84996438, -641.551636238
3163.24029971, -633.337040053
3217.41475787, -598.550144783
3298.79895129, -545.885041898
3383.85832978, -478.677139603
3438.23568271, -459.413093096
3477.30361105, -451.75169794
3509.79832382, -453.774972999
3532.09728291, -459.410256778
3548.57912225, -463.575466528
3556.79371843, -475.965801855
3560.6402101, -489.31512775
3557.21003736, -502.888407199
3558.58534686, -534.179117063
3548.78485333, -572.95991549
3529.76865548, -611.474642794
3510.28349174, -643.682225657
3493.70688788, -676.624845535
3457.24986013, -706.606258571
3405.51499595, -735.821046415
3344.08493217, -762.585710877
3278.05228092, -787.155793687
3269.71133203, -824.24256453
3269.71133203, -824.24256453
3254.37031925, -848.214492424
3242.71502094, -853.520528727
3234.21329485, -858.592082085
3213.79019932, -878.185376067
3185.09986065, -906.003795627
3124.26795178, -983.460098559
3077.35962863, -1022.14613246
3057.42655778, -1039.80038652
3328.19355468, -907.096831976
3359.67662992, -925.36746342
3344.60168827, -940.123686992
3325.34047808, -979.607934257
3306.79324612, -1024.429806
3283.11128445, -1085.48850474
3283.88074596, -1164.07226851
3304.80723187, -1232.27844263
3361.41359095, -1289.90413231
3438.41145738, -1340.30580456
3533.42441353, -1364.3170137
3648.83940642, -1376.98111322
3769.62361196, -1376.56195798
3895.25541731, -1377.36786442
4003.67034631, -1376.91712099
4100.18496466, -1382.74193383
4171.01256875, -1380.01237362
4225.3688629, -1368.99451147
4266.37583115, -1361.82314099
4291.87048004, -1350.7315731
4302.81180012, -1340.08791232
4304.52688649, -1333.30127259
4310.16217027, -1311.0023135
4318.7376021, -1277.06911487
