324
0.0, 0.0
-53.7430442902, 19.7151005685
-70.5822634149, 31.9396946014
-84.7004924467, 23.126317893
-96.0446369832, -2.72538194932
-107.534791126, -39.5761127123
-116.277407975, -95.4649904129
-122.405223536, -180.39113407
-123.7989516, -285.381883768
-125.272321267, -396.372104877
-127.130625352, -536.35977114
-129.241127849, -695.34576354
-126.524627643, -867.396978666
-128.820960548, -1040.38173769
-131.223482258, -1221.36579193
-133.692371971, -1407.34940568
-135.457760852, -1540.33768863
-129.905200004, -1649.42100114
-120.14061394, -1742.55881762
-108.805351148, -1792.71369593
-102.058166246, -1811.80493727
-102.058166246, -1811.80493727
-101.739599832, -1787.80705162
-100.744079786, -1712.81365898
100.885011317, 216.679981751
163.476861261, 260.853054098
158.649858559, 273.918276826
159.048066577, 303.915633882
159.048066577, 303.915633882
170.047097498, 303.769624275
182.046040321, 303.610341068
201.044366456, 303.358142657
227.042075905, 303.013029041
259.959527064, 296.57552881
551.393976645, 176.696583214
639.572054419, 189.527272987
670.848068991, 210.113941307
710.216293981, 237.593804136
753.637260981, 269.020220171
807.070620601, 301.313812101
866.476904431, 331.527938623
931.803018069, 355.662952131
998.982945903, 368.772387516
1068.05650874, 373.855980486
1136.87787316, 359.94124732
1196.54074726, 334.147033736
1250.07141394, 298.433342738
1296.4168669, 248.813800317
1335.64347414, 190.287965983
1368.56531715, 108.84379951
1391.10310673, -1.46507611145
1405.38940268, -130.666089064
1413.45057601, -276.785962745
1420.44546944, -427.892122335
1427.38726846, -582.997929532
1433.73175546, -783.099772314
1440.08951605, -982.201703194
1446.44727665, -1181.30363407
1452.68557484, -1389.40477207
1450.22995873, -1574.38847392
1447.98672022, -1743.37358534
1445.75675532, -1911.35878485
1444.29665926, -2021.34909406
1443.36750721, -2091.34292719
1426.85124636, -2130.12711376
1402.72062471, -2139.80766636
1370.85617985, -2129.38379212
1326.15216348, -2106.78841825
1281.50124151, -2080.19339678
445.94284672, -383.953092785
445.94284672, -383.953092785
467.339204678, -354.234481341
478.603707611, -334.38225291
503.959892374, -307.716471575
533.315724745, -281.103784642
570.65757873, -255.597198415
617.998551735, -230.223348195
672.431823256, -197.943029865
724.944912578, -159.636692923
775.418357294, -124.303544486
816.812953289, -94.8504050542
848.062420659, -76.2635605372
872.206315911, -65.583096031
882.139066927, -70.7153915465
881.939962918, -85.7140700748
647.916169156, -462.640938251
606.008294593, -606.097308098
590.797238455, -621.896794519
583.196151259, -591.793248658
588.129342765, -596.85917617
601.128197489, -597.031732978
622.126347429, -597.310478591
654.189896292, -592.735674301
695.41193548, -576.281389594
737.726801773, -552.840995174
779.134671369, -522.387943841
819.529355463, -492.921530808
859.857671553, -468.454677286
890.06740622, -452.854294874
912.158383265, -446.146930774
922.998130979, -458.291883203
798.91604191, -689.665250668
713.799577956, -848.549446119
684.085358369, -902.159754403
656.716076201, -929.79890044
656.543519393, -942.797755164
676.541757431, -943.063227176
701.539554978, -943.395067192
739.76185846, -926.900961683
784.103095758, -901.48729066
839.615920786, -863.22077452
901.234406029, -817.034604769
3096.90401076, -329.136063223
3096.90401076, -329.136063223
3071.43724534, -288.794473532
3122.97696996, -248.475039185
3225.9369568, -176.83537761
3364.17260581, -84.6621421157
3496.85120409, -34.4188384978
3609.53156433, 16.0899371322
3708.19988435, 65.7846312688
3775.39308578, 79.8939785564
3808.52291455, 89.4550687552
3819.52194547, 89.3090591485
3812.45619416, 84.4024148434
3410.5181568, 91.7382260909
3416.94238343, 123.655765347
3417.11494024, 136.654620072
3423.19405326, 142.57444988
3428.19361276, 142.508081876
3428.19361276, 142.508081876
3427.98123515, 126.509491446
3435.51595435, 91.4063860757
3434.86554792, 42.4107028835
3426.92373896, -28.490126946
3419.95529471, -101.40405418
3411.90729695, -180.304179224
3402.85938728, -259.191030668
3393.02394333, -322.066018081
3384.30787368, -375.955071978
3378.64463414, -425.884299069
3378.10041652, -466.880687047
3370.63645718, -501.784688408
3370.17188116, -536.781604974
3369.70730514, -571.77852154
3369.24272912, -606.775438106
3368.7781531, -641.772354672
3362.30083206, -677.689541536
3354.91651433, -706.594071486
3354.74395752, -719.592926211
3354.74395752, -719.592926211
3354.74395752, -719.592926211
3354.81032553, -714.593366701
3354.96960873, -702.594423879
3362.32737926, -675.689717732
3376.888127, -482.866003876
3385.56437585, -431.976685685
3392.82923118, -412.071362851
3409.09329362, -392.285502424
3432.37001297, -371.592645298
3460.56665024, -356.965627587
3489.65701059, -350.351178691
3519.65436765, -350.749386709
3544.58579719, -356.080786234
3565.45121113, -366.358650865
3578.23768824, -382.529798103
3577.95894263, -403.527948043
3563.49559998, -438.3390342
3539.90031421, -483.029776971
3504.26626482, -530.56097224
3460.60637301, -579.985802508
3419.9196697, -631.450277382
3380.3390671, -674.928730641
3347.81094221, -714.500451497
3325.52086116, -736.206494125
3312.34944963, -749.032792042
3307.25697491, -755.965807352
3307.25697491, -755.965807352
3307.25697491, -755.965807352
3307.25697491, -755.965807352
3314.09707502, -768.057665379
3313.93779181, -780.056608201
3307.54011238, -809.974323654
3289.99739243, -850.745060421
3260.30972004, -902.355544901
3223.60939074, -954.873026079
3192.02808335, -998.457668143
3165.53925068, -1035.1092949
3149.28846184, -1053.89524342
3144.28890233, -1053.82887542
3144.28890233, -1053.82887542
3162.49969418, -1038.0692098
3368.14541212, -764.774792204
3413.51310853, -737.374570979
3421.57877174, -732.481200274
3429.57806696, -732.587389079
3438.64364208, -727.707291975
3446.57656929, -732.813040289
3457.3632226, -748.957640326
3469.03032541, -774.11472108
3478.511774, -813.24402126
3486.90039549, -859.359431152
3500.32839729, -902.541473341
3518.86214741, -937.790588319
3546.46147264, -968.159606192
3583.2856562, -981.649584139
3633.3476193, -977.31370466
3692.56807272, -961.098344764
3747.93488814, -933.830859544
3799.28878236, -907.510191825
3830.56479693, -886.923523504
3849.77550067, -871.177131485
3901.12959095, -392.816642511
3901.72690297, -347.820606926
3901.87291258, -336.821576005
3902.01892219, -325.822545084
3939.32095537, -303.315694564
3990.72794399, -272.995379236
4063.11980894, -243.953721423
4161.61557215, -207.257882011
4276.17629379, -165.774860699
4387.69745892, -127.251754291
4485.16676303, -92.5424650823
4573.50412401, -67.7128324867
4638.73732244, -50.5772022922
4677.85334902, -42.0956655989
4698.85149896, -42.3744112116
4698.85149896, -42.3744112116
4678.85326092, -42.1089391995
4357.31526548, 70.1689191997
4357.31526548, 70.1689191997
4357.31526548, 70.1689191997
4357.31526548, 70.1689191997
4377.8488394, 34.8932570211
4382.23781328, -11.1690584686
4372.28290692, -83.0432529987
4361.27499425, -158.903821536
4350.24053439, -236.764213877
4334.31270382, -306.558942999
4316.61070065, -359.328622589
4300.0147982, -404.112280564
4171.74293729, -348.404743384
4171.74293729, -348.404743384
4171.74293729, -348.404743384
4171.74293729, -348.404743384
4149.20065782, -389.109112148
4142.81625199, -418.026915699
4135.25937745, -459.930300374
4134.60897102, -508.925983566
4133.99838539, -554.921931052
4133.45416777, -595.91831903
4137.94933046, -633.981339304
4143.56386745, -663.058426062
4151.41715306, -674.163645788
4165.44695677, -521.336408007
4183.25514874, -460.567433203
4193.44009817, -446.701402582
4205.6646922, -429.862183458
4236.92743317, -410.275427039
4273.21628085, -388.755214819
4313.38531374, -376.287304119
4353.52779942, -365.819217223
4399.62993571, -358.430507635
4433.62694037, -358.881810056
4459.62464982, -359.226923672
4474.50386595, -368.425234798
4474.27821474, -385.42373713
4473.95964832, -409.421622775
4446.52399815, -442.060328321
4404.02330145, -479.499489367
4348.51047642, -517.766005507
4294.0108369, -555.045883346
4241.61720998, -584.353013171
4196.28933438, -608.75349869
4171.05261202, -626.420072909
4158.94748039, -634.260084917
4158.94748039, -634.260084917
4158.94748039, -634.260084917
4158.94748039, -634.260084917
4168.94659941, -634.392820923
4183.94527794, -634.591924932
4203.94351598, -634.857396944
4212.9427231, -634.97685935
4212.9427231, -634.97685935
4207.54495557, -664.907848403
4181.9896668, -706.572308267
4141.27641629, -760.036606944
4089.55086126, -814.354807917
4040.81176833, -869.712741593
3995.25824152, -911.111729445
3972.82215086, -943.816802994
3964.71666684, -951.709909404
3964.71666684, -951.709909404
3976.82179847, -943.869897396
4252.98341183, -707.51473391
4321.28271397, -685.419365008
4339.36076981, -679.658818408
4356.43891375, -673.884998207
4369.43776847, -674.057555015
4376.43715178, -674.150470219
4376.37078378, -679.150029728
4388.17062259, -694.307991464
4395.9442666, -711.412682601
4403.6515426, -733.516933247
4410.3058123, -759.6075579
4420.8933616, -790.750836465
4431.4676373, -822.894026932
4443.09491931, -851.050843392
4457.70866342, -880.247392556
4474.38859933, -904.470929411
4497.08128026, -927.774195968
4526.79989171, -949.170553926
4562.59761617, -964.647082076
4615.44693736, -976.349613829
4679.44129908, -977.199124268
4764.59309395, -966.328437497
4854.91700513, -942.525264004
4949.34675273, -910.775889699
5039.81667352, -875.973685286
5130.32641511, -838.171745167
5221.87588941, -797.383342943
5312.50509341, -750.582195708
5381.20260357, -698.489469749
5433.8882497, -647.184278083
