227
0.0, 0.0
-37.013412133, 14.7650710217
-62.7621878306, 32.7094447938
-72.7752500815, 46.4840077401
-72.1862739947, 54.4622974797
-70.4193457343, 78.3971666985
-37.923988831, 111.093523984
11.8531437468, 160.56308101
111.159899077, 215.400735461
241.824259214, 273.939824881
392.916275841, 323.95184855
546.598619132, 354.720946045
703.386643162, 373.228120887
843.006713606, 362.921039368
966.496316755, 310.68773664
1054.71957038, 228.970801311
1108.33907258, 126.745809339
1138.73328188, -4.84899314667
1121.77988496, -153.002907481
1060.39711846, -318.934085916
971.34462584, -465.77636034
865.224445435, -599.326003959
756.440316355, -714.630007621
647.421764959, -778.777926149
568.75675401, -812.076815805
530.337745529, -789.186211022
520.859903004, -700.247071713
559.572930753, -569.743043107
638.097007048, -416.107209259
741.740682876, -275.355696085
831.904283802, -140.628100292
892.97947475, -73.943611461
934.416985676, -55.9454813285
944.430047926, -69.7200442748
933.399833808, -124.055432158
906.908528635, -238.415437187
841.496417189, -391.013784741
751.821526547, -559.86997796
645.380214306, -738.518367397
529.447972032, -923.485162258
421.560863366, -1080.9696751
350.787432637, -1211.11237179
301.432166473, -1322.78178435
297.824687941, -1371.64880901
339.235555075, -1394.76027982
402.064586774, -1399.39846651
528.599336161, -1369.63343337
691.176855256, -1313.4502483
877.019867332, -1240.93559555
1068.40486465, -1174.84639217
1240.18560387, -1143.40791844
1398.23198023, -1135.02084979
1511.300211, -1165.42767782
1589.9187125, -1241.42196196
1645.2382991, -1347.78334282
1656.0548941, -1472.919274
1613.24567754, -1618.16172984
1535.42439942, -1775.86033057
1420.30199926, -1949.85697704
1278.94889127, -2098.8546242
1118.8280111, -2230.42325167
940.314246949, -2366.65040025
792.04020116, -2459.98746333
663.925967611, -2524.73113609
570.408707345, -2541.89278031
506.026835276, -2531.1236323
461.142177348, -2500.73666992
441.9593169, -2448.18176658
448.069943801, -2365.40701053
475.672357278, -2263.16168413
541.425934986, -2146.68650644
640.531689934, -2026.6571378
762.943137938, -1903.33464432
910.172919291, -1769.81164449
1076.05665073, -1641.67660774
1252.91730871, -1541.425385
1400.60237841, -1456.06661166
2215.07926413, 0.923917694889
2224.55663788, 61.3902669052
2233.89354575, 92.7880717877
2234.70338787, 103.75822018
2242.68167761, 103.169244093
2248.92646102, 92.6810278424
2280.036556, 52.2810032103
2321.71526739, -7.95092368349
2371.63333462, -78.8183108494
2416.56497076, -149.317587961
2454.18091527, -210.252313029
2487.32578276, -263.837924521
2512.59940446, -301.801644653
2529.22536018, -321.077992762
2539.82739852, -326.874265969
2539.82739852, -326.874265969
2542.99314498, -283.990958618
2557.82505987, -218.906288375
2596.95317589, -123.528143412
2651.8504273, -18.2841802196
2753.21182079, 91.5514602132
2872.89247625, 205.048335538
3002.81383814, 280.688534676
3125.90821866, 331.764688432
3248.01209112, 355.840492306
3367.68643721, 347.005851004
3456.63235466, 329.409721636
3526.63661212, 286.138438581
3559.33974755, 226.569109784
3560.24354611, 157.314628715
3537.80822967, 70.7313937527
3484.89877256, -7.5858415684
3408.34893428, -80.1470037593
3316.50511461, -142.554637819
3218.08182341, -185.424857661
3149.61054067, -216.468108773
3101.37269218, -217.92068334
3084.41204834, -189.595137262
3088.01952687, -140.728112607
3117.58309085, -52.6656592864
3171.67050013, 41.6081555138
3230.11516434, 140.573913358
3276.86023819, 203.302679254
3313.12387393, 232.712689844
3326.82481486, 241.728465877
3326.23583878, 233.750176138
3314.28196045, 180.485696482
3270.12721326, 98.5140044109
3201.30815489, -18.7375934672
3117.45618125, -135.8821474
3027.36620234, -269.612456975
2935.46909508, -414.239292931
2844.19438585, -536.852210093
2773.44759892, -625.885305839
2731.39446811, -692.971326659
2709.0192174, -724.409331618
2708.20937529, -735.37948001
2740.4906443, -732.74895327
2785.65623398, -704.998826996
2866.60352727, -640.784064598
2966.49248055, -550.894148515
3078.42249044, -460.890410344
3189.28159211, -371.810336379
3297.52372332, -304.596937188
3375.81384607, -249.210506726
3433.79691256, -224.412039028
3448.27427369, -218.461743657
3447.6852976, -226.440033397
3428.08103951, -261.090763041
3373.65894211, -346.315379873
3277.76591184, -463.573755893
3156.27812805, -587.967157599
3026.2632785, -732.788215796
2896.28862903, -890.64761683
2773.54927105, -1031.99488423
2661.95394927, -1131.04782037
2599.29249602, -1205.63697693
2567.98186943, -1249.45072663
2567.02478329, -1262.41544746
2601.66873479, -1254.94573365
2655.66265641, -1229.85277791
2769.56059495, -1181.10588471
2889.77016077, -1114.77594965
3030.70187113, -1052.98393547
3183.38015006, -995.067244068
3338.7557996, -941.360563572
3466.91701137, -916.729205545
3575.654631, -910.718375673
3651.04685154, -935.33570864
3696.38001968, -986.812925609
3722.36321769, -1055.91338451
3727.70467132, -1146.55260821
3713.80319878, -1239.78215858
3684.17279093, -1355.91587001
3641.61786234, -1484.13083814
3584.77301672, -1629.33987204
3516.26200267, -1796.75026883
3423.63545346, -1978.42393886
3302.9778462, -2173.06910785
3163.29817881, -2367.31274485
3001.93928074, -2569.9831818
2842.71542098, -2743.73231845
2700.14416074, -2895.64820226
2570.00871096, -3001.35423194
2474.43003439, -3046.43989025
2423.82950341, -3052.73165188
2403.99082301, -3036.22629639
2400.69092003, -2985.84663144
2419.03004765, -2914.00182371
2453.3189766, -2816.26099626
2515.78620762, -2703.5540974
2696.99452972, -1675.10402861
2636.515093, -1760.88419959
2601.54323152, -1786.37868732
2573.5857955, -1798.35290007
2552.98425119, -1832.93000771
2538.54709015, -1851.91864592
2537.95811406, -1859.89693566
2544.57100753, -1865.39872082
2573.12419778, -1872.52019022
2634.3267671, -1872.02470179
2715.99041485, -1866.02065006
2801.86407349, -1857.31922772
2891.72687701, -1848.91229343
2984.50791717, -1841.72351138
3077.06809129, -1837.52658799
3168.6309792, -1833.25604258
3244.31090964, -1826.81025879
3310.53333198, -1812.64725136
3362.31181513, -1790.39891025
3392.51811156, -1761.54445381
3407.98598075, -1728.59380856
3411.15172722, -1685.71050121
3409.69915265, -1637.47265272
3396.38618742, -1573.31842482
3381.21911564, -1479.94840858
3363.46171719, -1367.33546616
3341.86241789, -1252.43346326
3324.11179758, -1166.89449274
3306.9569315, -1100.45120436
3292.98814632, -1072.34652432
3280.90688962, -1059.42200357
3280.90688962, -1059.42200357
3280.90688962, -1059.42200357
3293.43665652, -1093.43677891
3289.82917799, -1142.30380356
3283.20319702, -1232.05956313
3234.10899696, -1353.77545988
3164.44667454, -1496.03283521
3081.45152123, -1642.31955548
