218
0.0, 0.0
72.6430226228, 70.7459628828
97.4499068055, 113.461516223
116.930607428, 147.892640271
113.222859025, 182.867668531
71.2634470951, 199.463082068
4.05939910853, 209.836892083
-105.44236656, 169.064802174
-256.167318964, 97.2178208692
-433.589509076, 3.18396283885
-612.484217053, -146.274002682
-779.519387151, -297.562640559
-938.495642632, -449.083431849
-1064.61937679, -584.426712738
-1136.53281296, -715.995925317
-1163.25660562, -790.794581092
-1134.16494261, -844.865600532
-1044.70105925, -888.018973223
-914.173183924, -914.238694103
-749.121309689, -926.562606287
-556.237985633, -929.016847716
-348.152168521, -937.865164911
-187.278988255, -944.484822831
-52.4198629315, -975.420503152
64.0330927152, -1020.716299
124.975704749, -1084.76314153
137.856663667, -1171.74636346
121.990836586, -1274.52902509
62.553801156, -1390.82278597
-28.5086686206, -1502.2347539
-143.137658127, -1608.99708229
-282.779130277, -1713.92209959
-437.702692865, -1819.52366092
-597.779966769, -1892.96252243
-763.54821746, -1944.27418838
-878.740959916, -1962.91908273
-957.804545783, -1950.71460037
-996.944990535, -1922.41220498
-995.552070053, -1874.05871728
-966.168504981, -1801.69431924
-883.483339357, -1718.33267707
-744.452091326, -1617.36083906
-570.372856389, -1518.76357762
-376.070056897, -1420.2525523
-191.119578904, -1323.33340718
-13.2397207039, -1226.33466468
136.039268788, -1157.30001182
240.453643049, -1103.60049182
311.783342574, -1074.13739684
346.990524248, -1062.37073382
360.826651774, -1064.50651824
359.911315596, -1070.43628718
364.454802793, -1106.55216629
356.369333223, -1158.93179193
334.427819911, -1248.63446744
314.157784186, -1340.61884465
299.817517401, -1433.51855804
289.138595328, -1502.69919568
302.185387753, -1562.38823326
327.410107593, -1595.62546403
372.871669467, -1602.64304139
451.563823367, -1597.58884367
559.400750186, -1541.3821073
677.982918987, -1435.23000302
806.540910881, -1297.22694972
940.869476948, -1174.28047218
1046.97524501, -1083.4038196
1135.73609687, -1013.12216355
1162.96396131, -994.052727323
1169.87538633, -1008.27356429
1164.23081324, -1044.84047276
1154.61978337, -1107.10304663
1144.70364144, -1171.34221014
1134.48238746, -1237.55796331
1138.32941442, -1297.85058627
1164.37659557, -1358.53455741
1206.01761797, -1403.41245012
1285.08120383, -1415.61693249
1403.99497217, -1405.64117687
1555.70158066, -1347.09969636
1735.62434841, -1269.64133565
1903.99932909, -1175.22276818
2068.20889327, -1048.79405691
2215.82968265, -951.171812818
2297.14848274, -863.551879293
2325.90190748, -834.599494834
2313.43878422, -823.569057009
2283.86289817, -825.07470109
2240.21209243, -845.656420135
2165.83791105, -881.732466818
2115.02361067, -935.611097797
2082.60884122, -988.282558016
2074.52337165, -1040.66218365
2079.59084684, -1093.04844803
2097.42655735, -1154.48856058
2133.50924277, -1215.7097972
2170.81237643, -1269.02467523
2207.58488335, -1319.22211276
2227.10534893, -1356.63803749
2235.90712748, -1391.38755108
2231.02533453, -1423.01298542
2187.90515553, -1446.71214497
2127.91100589, -1461.73552704
2067.38622952, -1473.64146861
2016.22041338, -1470.80258522
2002.23836856, -1456.50215086
2011.67692618, -1434.6867061
2060.58759557, -1386.58528803
2153.29498798, -1330.06680086
2276.34104659, -1267.10119549
2422.88730503, -1189.54995992
2571.25759708, -1113.29213123
2719.62788913, -1037.03430254
2822.29782716, -974.970755872
2893.63416542, -932.354716131
2923.83355307, -900.590003232
2925.05400131, -892.683644645
2899.3583359, -888.717187875
2860.81483779, -882.767502719
2791.15661586, -914.512299403
2701.95137339, -961.452950404
2613.57523098, -1022.68739702
2553.55452638, -1090.32255814
2511.17057258, -1161.69202262
2492.97000136, -1220.60500258
2499.17832741, -1272.15552816
2522.57901363, -1304.09935204
2567.12523933, -1317.04669834
2639.50291484, -1320.12437389
2734.55832887, -1281.16967886
2833.81235307, -1208.46040381
2937.56346079, -1113.17290385
3012.64074114, -1039.76716855
3064.28414159, -1000.18233319
3080.48820694, -980.423075462
3079.72542679, -985.364549579
3072.72776565, -991.367277164
3066.47296843, -1031.88736492
3057.16705062, -1092.17334914
3037.21540444, -1155.87524719
3041.97112883, -1223.39104597
3066.80450049, -1278.82843094
3104.87041429, -1327.20183485
3170.0912339, -1350.42347757
3258.67297477, -1333.74189539
3362.39752753, -1291.06617448
3484.15681799, -1216.77165796
3607.81973946, -1136.69992853
3714.30357823, -1049.92901128
3807.78038953, -975.316105226
3850.07810721, -924.170205303
3867.42966216, -890.422264019
3867.42966216, -890.422264019
3866.05665789, -899.316917429
3846.87443059, -944.924396593
3815.6668319, -1015.99538775
3774.34413157, -1093.59973323
3737.27972258, -1169.83771318
3707.59768419, -1231.0257561
3699.05454653, -1286.37026621
3694.7829777, -1314.04252126
3708.23439579, -1325.22551512
3721.08222849, -1327.2087435
3758.80990402, -1292.55874352
3811.52783541, -1232.90289963
3881.28557095, -1154.62864886
3951.72648925, -1078.48354377
4025.13229202, -1002.79610677
4094.87675008, -950.827745534
4146.52015052, -911.24291017
4183.39880978, -901.757948857
4205.97039595, -919.407977124
4221.84279429, -954.237088093
4230.78385139, -1014.30419638
4234.63087835, -1074.59681934
4242.27852857, -1136.48796124
4255.93554511, -1192.22381953
4286.32061501, -1244.47080536
4330.93316061, -1276.65342139
4402.85316804, -1282.69598141
4497.59019252, -1272.02376555
4608.61087975, -1234.52167217
4722.1454221, -1187.28918659
4811.88793004, -1130.31303132
4883.38346307, -1073.555752
4916.03038593, -1012.82537716
4924.72607962, -956.492572232
4919.65860443, -904.106307857
4896.79518367, -862.126979711
4868.3004673, -830.408670504
4835.08315275, -816.174556057
4794.563065, -809.919758842
4740.41908691, -832.929096884
4674.47525212, -886.495977066
4600.08115452, -962.030858036
4549.55868872, -1040.23878889
4516.83216847, -1108.03978352
4507.2211386, -1170.30235739
4510.54417756, -1214.32459509
4531.0595767, -1238.74013109
4564.58200331, -1250.99765589
4605.10872981, -1244.09950834
4659.25934663, -1207.93722554
4722.39085299, -1152.92438245
4787.65814376, -1084.07541183
4850.64373282, -1016.89791879
4890.44087286, -949.176521549
4911.13538298, -919.991983676
4912.05071916, -914.062214736
4911.28793901, -919.003688853
4909.21183576, -965.228030874
4898.22780163, -1036.38525815
4898.1879692, -1115.30292673
4908.03772374, -1182.59321084
4930.13172561, -1242.66695786
4970.32678509, -1290.35717901
5023.15080134, -1321.78365364
5099.39542003, -1345.69511786
