241
0.0, 0.0
-403.305092203, -218.963473216
1091.87694249, 1671.94310384
1432.01061394, 1735.07855775
1495.6824098, 1812.13634394
1534.85173028, 1853.35241281
1520.52879994, 1863.78570886
1445.26401111, 1879.0241984
1323.57951608, 1883.25310689
1106.3613059, 1857.93020881
835.183618088, 1809.42596535
493.996821521, 1654.26936752
76.4304550017, 1434.03465284
-363.157559979, 1161.14020972
-816.010739625, 860.067132738
-1232.38177457, 607.54354718
-1532.64901487, 355.973309678
-1739.86336696, 150.772889866
-1804.09968031, 18.6907334361
-1736.94630733, -78.6099577119
-1564.48524497, -104.186938989
-1260.64162323, -109.848522022
-911.243965935, -86.1361396123
-551.83996418, -96.8021380617
-269.949207938, -151.961920012
-90.1073208704, -216.288397113
-3.66936373311, -357.658406541
-39.3428532242, -543.500818675
-184.604983308, -750.681690291
-407.710019809, -988.43185893
-757.74346392, -1215.82928197
-1113.63986719, -1465.55663357
-1439.36293093, -1636.86479377
-1649.96405582, -1750.58007943
-1773.43690767, -1828.55093846
-1824.2965118, -1840.09652927
-1766.48767511, -1785.36867165
-1607.96286673, -1695.50830704
-1359.99967259, -1521.87578027
-989.649900003, -1291.12473271
-573.264611199, -1008.86901308
-153.402385833, -770.338696951
189.62729663, -559.552936167
472.244003444, -363.267946854
691.931273036, -238.996053093
790.771210535, -188.323903393
803.822899407, -184.495925129
771.334806601, -180.309778229
744.083499435, -197.113535479
713.395530932, -226.494627854
688.900182492, -247.470278138
682.501213566, -265.360308789
678.459759508, -276.659275516
682.961313448, -287.827803266
681.277374257, -292.535706069
687.868438181, -294.893220937
691.160406677, -303.50501189
695.125950849, -310.233641722
697.139550946, -319.450225398
699.620377857, -336.268236512
702.231643744, -361.629255625
687.467507952, -429.629404848
654.462299806, -521.904299783
620.034030422, -635.973113519
589.723124982, -720.71536397
579.330104154, -791.341032944
588.257302149, -831.705685004
625.522080711, -834.414241575
702.68428452, -820.594172712
822.253248215, -747.599221374
938.200582509, -652.067992605
1037.81138637, -536.886884107
1116.15715426, -439.588679328
1173.64345698, -356.070268187
1206.64153819, -278.661440291
1215.00670506, -228.551321719
1213.19945383, -209.850149484
1205.66680934, -207.155846778
1178.14037036, -236.605722107
1130.41378801, -307.684364031
1081.32580045, -412.261462275
1028.86993451, -526.254366125
1012.0091618, -617.93159527
1017.28622266, -695.224238054
1092.46797467, -743.356391191
1212.13174268, -753.234783047
1362.0779084, -737.835192609
1531.68108078, -691.233004696
1702.29461668, -641.806075101
1845.93910415, -581.670717638
1959.5691988, -549.033291428
2008.42945671, -498.538982861
2026.95278781, -446.75205203
2030.06691517, -405.384163387
2006.94722581, -363.129223273
1982.14359727, -325.582185962
1956.93439793, -292.138258731
1944.96898245, -275.113898755
1932.72843517, -270.735656858
1932.72843517, -270.735656858
1932.72843517, -270.735656858
1939.31949909, -273.093171726
1946.85214358, -275.787474431
1956.26794918, -279.155352814
1961.91743255, -281.176079843
1963.60137174, -276.46817704
1970.93479429, -273.781001267
1974.30267267, -264.365195661
1987.15513961, -255.155738918
2009.69854398, -236.668042477
2037.96021466, -217.039543546
2065.95388046, -195.191095655
2083.24624532, -185.445629143
2096.4355001, -175.29459184
2096.4355001, -175.29459184
2076.7927473, -176.765055236
2034.46902423, -203.046274113
1961.26523767, -238.461039847
1879.91688696, -284.769201515
1790.95998188, -346.410657037
1701.79672794, -417.536701118
1627.8979849, -499.43282909
1572.43953614, -562.435689829
1555.93693206, -608.573137296
1584.77488774, -649.68727492
1645.77840225, -666.197005925
1761.34618711, -660.80375995
1889.09999017, -633.218151314
2019.67853491, -606.642906192
2074.97803696, -594.56130561
2080.62752032, -596.582032639
2050.21468364, -613.317006935
1982.12437066, -646.312601779
1885.10593827, -685.953789637
1770.4654801, -721.415957529
1664.56725186, -762.129164923
1559.20503339, -807.282270236
1512.37262945, -837.261028401
1504.96329701, -857.975800734
2594.44145288, -401.215088896
2820.08648595, -337.48660976
2835.6332556, -320.744508532
2824.07341092, -299.617038475
2789.70928392, -279.891248861
2744.51341702, -263.725432626
2694.60964731, -245.875677201
2660.58230815, -225.208307025
2629.51014965, -214.094308364
2605.83306973, -211.997671448
2585.58552421, -212.189766446
2567.4891447, -215.27538608
2546.16245271, -221.453752279
2495.5565996, -264.95142613
2426.70967413, -332.723845694
2345.53203762, -443.877753997
2265.4952036, -560.749928617
2240.49699369, -648.454486658
2251.43066485, -712.901789433
2296.88740971, -746.153621665
2381.51347505, -738.189385029
2492.99240369, -702.658434184
2615.59245793, -621.189257801
2701.05817259, -545.554532847
2760.82608029, -473.472654341
2792.87545401, -410.593105646
2799.55668168, -365.190889876
2788.60875666, -330.475721179
2775.42662881, -325.760691444
2762.24450096, -321.045661709
2733.43256665, -365.9663968
2698.35210238, -437.32017054
2663.99974289, -533.361387717
2665.84014241, -623.231365627
2697.50283977, -665.355866765
2765.29664013, -689.604591117
2874.15004902, -658.444755237
3005.34764035, -603.415744436
3139.85145404, -527.266390511
3226.72597607, -459.569880833
3286.83067161, -386.546421767
3325.40945323, -314.31985042
3340.22811811, -272.890305755
3337.88485711, -249.749235601
3337.88485711, -249.749235601
3318.09028454, -287.274892115
3296.53586289, -347.536047991
3259.82598853, -450.168329092
3222.44253849, -554.683771315
3189.17645239, -629.872650251
3168.29560642, -688.250645006
3161.55984965, -707.082256217
3163.91736452, -700.491192293
3180.81128552, -679.982768823
3207.13526599, -633.110089658
3245.84448659, -569.42652631
3296.80138141, -495.25513782
3361.95789452, -408.107970345
3427.78085638, -333.943708788
3473.6242776, -262.191491187
3481.15692209, -264.885793893
3483.9674099, -295.628291486
3476.20703576, -347.016778456
3450.94082096, -432.501387537
3418.94597633, -521.951540791
3406.33300654, -592.845214649
3414.84750681, -652.179043829
3443.08066977, -692.014813054
3487.33495611, -707.84384145
3559.24612042, -702.766002516
3650.53915957, -679.131684188
4063.50668146, -510.35423943
4347.22855611, -394.117851629
4427.98636796, -316.799187484
4478.13924812, -235.967952117
4485.09560761, -177.919618268
4462.64949393, -133.781517033
4419.74948587, -99.3200993551
4352.14778051, -95.3189205213
4253.52844574, -106.774347584
4117.95261251, -174.043905672
3994.20462885, -264.660882777
3893.38423955, -377.285254477
3810.72188578, -498.528544062
3772.66486006, -604.927147405
3758.2920412, -698.556320626
3781.27416464, -747.134319779
3839.32249849, -754.090679271
3934.8490867, -739.404939734
4065.77867314, -682.155979974
4190.32354453, -613.064916786
4278.88913268, -525.794437267
4333.54356678, -456.131729651
4363.36586461, -408.386252878
4375.49022679, -374.489352698
4366.47286504, -381.884431274
4361.42104747, -396.008139683
4344.97297249, -468.716191708
4333.95377814, -582.661693401
4349.58822517, -663.659002406
4419.86285244, -704.725737872
4549.07286503, -726.51501611
