342
0.0, 0.0
419.036035551, -1005.87563889
419.036035551, -1005.87563889
485.395984755, -1156.73105689
475.001330239, -1161.41626313
477.825551051, -1149.75333997
483.003289205, -1128.37131416
489.122434296, -1103.1016473
496.418338059, -1072.97242911
507.030994548, -999.403607442
488.272819831, -889.913284211
436.134159544, -727.068081323
370.872612597, -495.195421248
370.872612597, -495.195421248
201.538593485, 67.4625476558
120.299435739, 360.82273454
70.0567428926, 595.231931918
37.3476130047, 787.325952705
17.6306815898, 960.84034005
-5.25916079785, 1104.25601254
-28.9683968152, 1227.29207281
-52.4641095449, 1321.46718355
-74.6828787423, 1374.17701466
-82.1094706926, 1394.49562022
-89.6407261896, 1363.39449178
-89.6407261896, 1363.39449178
-90.5997653786, 1197.97357338
-333.534804438, 398.69729649
-432.761161342, 435.072151757
-469.693751372, 444.01551766
-485.244315595, 447.781145408
-482.184743049, 460.415978839
-489.672341653, 488.980569982
-490.652926797, 523.171774301
-482.180264363, 558.160543803
-452.386582776, 596.217560731
-406.837488558, 635.603852965
-315.608611934, 663.928613687
-168.418636816, 668.413167714
16.9721969831, 656.444928787
16.9721969831, 656.444928787
590.625929568, 552.515168409
967.400250265, 472.595763615
1327.29473143, 412.197399199
1627.16612797, 367.362752574
1887.42455542, 333.149437317
2069.52046494, 307.574454695
2177.546346, 294.791300824
2234.35734145, 287.207713553
2240.24980968, 277.549617567
2214.86680439, 266.204881235
2168.39813169, 252.76380774
2168.39813169, 252.76380774
1983.60868954, 216.22804345
672.418625882, 282.685676267
428.068410188, 527.058285391
339.663754375, 510.396447836
268.714305107, 527.577124439
256.572003591, 562.413377307
270.967637589, 583.621058033
303.829566602, 600.357055808
430.740114365, 559.336172509
623.187021507, 478.780676537
855.490924352, 354.619906874
1083.05728918, 215.143924723
1314.10159826, 64.5367295272
1495.25162215, -62.6704591146
1643.94073897, -162.467986838
1724.73997907, -232.450004528
1753.89728699, -239.510556557
1741.26245355, -236.450984011
1683.09167947, -208.98899132
1555.32255987, -150.268874863
1383.46011335, -65.4378694668
1182.67571065, 27.4255982219
1077.25185224, 114.688477375
1034.91065101, 199.022472171
1036.10056325, 267.670735869
1036.10056325, 267.670735869
1125.21575295, 384.99286918
1176.20844038, 442.610104695
1219.4258457, 502.110154083
1258.72510664, 566.674603199
1276.14113498, 638.595962731
1293.32181158, 709.545412
1299.66763353, 769.742841711
1325.5126674, 816.987251156
1349.36154898, 838.992497066
1349.36154898, 838.992497066
1437.45669284, 799.139697559
1461.29242085, 757.35623109
-290.177471066, 832.683634573
-412.106454201, 856.03578804
-484.324172121, 880.725891693
-552.244552171, 914.664394517
-614.363973964, 951.313779726
-637.31062681, 971.275020246
-634.721757733, 981.96603315
-607.926642038, 999.142231067
-522.520552118, 994.92324961
-398.678251781, 975.223385464
-222.762494006, 932.62472156
-47.2564330464, 879.836251547
95.6753824078, 836.993561027
218.136075666, 807.339242508
330.877666284, 780.038441331
410.687646355, 778.203480544
466.90592503, 785.168043907
494.93880605, 798.957807563
502.622578181, 809.443972059
497.702020208, 818.86671631
463.153450847, 833.406192062
370.821975772, 855.764606819
240.586000403, 887.301739213
91.0033297349, 911.176927922
-80.1967184741, 939.257944521
-266.446124111, 968.925416607
-439.149792706, 1003.54394999
-583.851083607, 1056.07523982
-711.415354799, 1119.89025934
-782.199133867, 1180.24468437
-826.92435577, 1258.98256931
-854.041854494, 1350.94800447
-850.26307318, 1430.28728107
-816.969618905, 1487.04594475
-764.412304432, 1529.87967789
-666.493394388, 1539.09309505
-510.987752156, 1501.43681757
-314.099665389, 1443.4706094
-97.3550016475, 1357.03132007
103.398897729, 1268.29084517
292.520377265, 1178.2515983
453.273439185, 1119.77550845
564.663926051, 1078.39726011
643.95087088, 1048.90861179
664.56583483, 1049.06112843
664.56583483, 1049.06112843
641.680188637, 1060.77638337
572.674559897, 1077.4863565
478.399264294, 1100.31547473
364.511418331, 1118.63373179
270.388639362, 1120.84788607
202.690457481, 1091.96958678
154.696335939, 1055.23317027
98.6652734195, 891.830232623
98.6652734195, 891.830232623
43.0528650866, 934.106231008
14.41859241, 968.820470569
-24.0567962135, 1022.38019863
-61.8871362877, 1087.10164307
-100.719889952, 1156.18143203
-131.27615471, 1221.19923485
-133.464001853, 1254.65388064
-115.856278675, 1267.88143085
-72.2336552244, 1239.82672138
0.820806086286, 1167.60452478
94.2330511666, 1064.73007475
181.578482929, 962.295824857
241.209220506, 868.63059579
291.31702897, 816.369639705
293.382862805, 799.406965076
287.551401221, 800.819075482
279.85895421, 824.288763571
271.87014881, 855.032526975
267.206771018, 895.260041285
263.014096694, 937.431376123
258.555567308, 982.753793487
257.954175652, 1031.2577967
259.388114504, 1066.92211808
265.977963064, 1094.13560547
269.272887344, 1107.74234917
270.68499775, 1113.57381075
270.68499775, 1113.57381075
276.076259192, 1106.09488703
881.706476838, 450.132967803
936.704339948, 392.572260256
932.703360465, 376.049785769
927.599782531, 410.210486761
893.299718471, 489.510585156
830.631236795, 600.373840586
751.226757345, 744.099025029
673.500243361, 890.50458853
613.708314271, 1038.74063413
561.783177272, 1172.72488749
532.508334732, 1294.02197564
513.697828241, 1377.80243187
501.843210232, 1439.320462
500.300411638, 1483.93682417
504.77209459, 1502.40311918
517.202079614, 1494.24864358
564.742847447, 1461.12953439
638.594873942, 1379.4540902
729.684105006, 1262.73754474
829.437693346, 1122.31595946
928.485226483, 978.978643384
1023.34876018, 843.856809563
1092.25840025, 741.771249836
1146.96857985, 657.528765021
1172.1640865, 595.86689313
1185.1039532, 551.577392684
1190.6782346, 519.36051222
1194.9232407, 502.899044386
1201.31691573, 491.061776138
1210.0641081, 488.94361053
1220.69411435, 494.600727033
1232.47037595, 509.240387646
1230.19101883, 555.064011805
1218.30589749, 620.705034732
1165.26500847, 741.583751189
1082.2910748, 908.809127047
980.166619359, 1107.42331486
876.63005351, 1300.20604109
876.63005351, 1300.20604109
761.400343657, 1729.38096343
731.781289642, 1929.98682486
733.734067541, 2125.00525132
755.595754188, 2317.26046362
806.274733473, 2450.06347962
886.620902352, 2539.67091874
985.411537799, 2594.97381512
1121.76665826, 2588.70634959
1301.63106375, 2536.92029317
1507.30552109, 2438.75707402
1737.60459676, 2323.31299341
1955.56519738, 2203.65441002
2169.04544017, 2099.48538421
2294.72689748, 2027.89508258
2372.48839348, 1975.11109126
2411.82235394, 1903.85213003
2417.97619855, 1793.29838656
2391.79982427, 1659.70648026
2344.15858909, 1509.70543789
2271.5135421, 1362.67245809
2271.5135421, 1362.67245809
2020.01069942, 1131.36677265
1123.61727386, 1223.93472942
959.037577538, 1275.10624062
884.815032436, 1308.51303332
825.375989701, 1343.48445306
783.043463349, 1393.86259528
801.152393322, 1404.91097322
860.438919423, 1390.55451743
990.099527777, 1305.6538305
1143.53485749, 1187.21566268
1312.17206126, 1046.57607542
1454.00547446, 922.716142835
1540.60567281, 855.445007529
1591.26701984, 826.714746186
1585.45738671, 857.959716386
1537.28472389, 943.705821587
1460.94849187, 1066.10998688
1339.69953929, 1194.24542889
1219.15664192, 1325.29660169
1100.26120669, 1463.15114635
1037.47071171, 1590.50637294
1008.3483858, 1691.18849714
1008.3483858, 1691.18849714
1100.06111946, 1785.24579077
1200.16787665, 1761.00456214
1313.41934894, 1697.56873611
1457.30992109, 1590.70198148
1618.028001, 1438.60431946
1766.32477076, 1260.70528046
1886.90684634, 1091.57526228
1992.31755118, 940.523670752
2064.1210936, 807.899196027
2079.99404086, 694.991935208
2065.8729368, 636.677319371
2018.96406395, 617.169432558
1941.29407793, 657.584445515
1849.82565338, 759.988192077
1743.00283813, 905.208322026
1629.10212109, 1089.18284922
1504.24453609, 1278.89732803
1393.9045984, 1473.3275164
1340.14030442, 1659.20220723
1309.15699308, 1781.94190912
1323.98415234, 1843.17225574
1404.90988443, 1854.44283186
1510.38607461, 1792.88981971
1689.88863637, 1658.87925922
1863.09770795, 1490.38113602
2007.95571169, 1285.53446469
2143.88350308, 1107.54391571
2226.46956838, 959.961593539
2257.03450802, 860.987938131
2255.51773407, 803.736742538
2206.69554402, 780.576566404
2104.05224953, 819.836649136
1966.85171079, 907.592060204
1806.61300924, 1027.67769016
1674.58153378, 1170.77097962
1561.5698919, 1332.92328087
1488.28455755, 1501.91813218
1458.3864949, 1641.88636375
1454.67767761, 1749.7902315
1502.13141415, 1826.78466564
1597.51378689, 1851.0169369
1719.97448015, 1821.36261838
1886.24081682, 1738.91563365
2064.03490978, 1606.3476869
2249.08124962, 1444.24323873
2385.18338609, 1275.47058559
2480.90549162, 1122.64951861
2553.61993765, 998.035677737
2573.25851265, 900.678981141
2548.03669888, 834.763428273
2497.30119162, 807.950962817
2408.97937091, 812.875999477
2334.30795079, 874.171831445
2268.61039989, 968.277260653
2225.5849719, 1079.52838445
2218.55072701, 1177.94850129
2222.39918986, 1215.08593973
2289.46099807, 1198.84667006
2289.46099807, 1198.84667006
2582.223707, 967.444430966
2582.223707, 967.444430966
2905.75620398, 642.163439514
3066.2171037, 459.261007439
3176.93623489, 279.143617969
3266.46951379, 143.254722291
3286.8969791, 70.4006307019
3286.8969791, 70.4006307019
3059.18229383, 98.7911592552
2833.83427946, 200.689502827
2600.76331476, 330.180527278
2350.67734366, 431.895850889
2124.35741903, 534.029546195
1897.88497777, 656.778205452
1715.5581952, 779.125842774
1560.27055494, 885.665735692
1447.42010458, 993.247220408
1335.2452061, 1107.8674287
1214.06593506, 1193.80103255
1215.7133972, 1200.6044044
1263.28466836, 1163.36230242
1367.03503999, 1171.16360917
1459.09198512, 1185.91212952
1627.66398605, 1185.21894539
1627.66398605, 1185.21894539
3432.36533186, 12.5390860814
