213
0.0, 0.0
0.0, 0.0
0.0, 0.0
0.0, 0.0
0.0, 0.0
0.0, 0.0
0.0, 0.0
-20.0696359737, 150.941080266
-54.4106923801, 268.455725502
-94.5568594749, 409.300623413
-129.161880094, 598.159016258
-194.609649575, 811.404390112
-258.111471234, 1078.32669837
-342.656120646, 1391.74846254
-442.277437687, 1718.90682357
-542.214394198, 2070.76134567
-603.435250343, 2384.15727221
-637.253966249, 2663.56610252
-670.099926115, 2892.21024288
-685.710981576, 3042.80338664
-682.3474501, 3137.63843636
-674.750981622, 3183.24867279
-674.750981622, 3183.24867279
-665.176704027, 3156.4842709
-655.815151128, 3092.50488885
-631.228799977, 2993.69440693
-1172.75603597, 1969.24662755
-1271.72110792, 1959.92383109
-1309.29048399, 1949.84702696
-1330.06288812, 1930.83368358
-1330.06288812, 1930.83368358
-1330.06288812, 1930.83368358
-1274.67856822, 1922.02589673
-1188.77359834, 1907.69634164
-975.670331442, 1844.86324814
-664.149734984, 1761.34128707
-287.818671653, 1663.34164027
195.189765695, 1570.02578175
628.496700835, 1506.60575369
1025.80643359, 1459.00348211
1350.55464096, 1395.53221453
1565.4040498, 1360.82297191
1708.7615804, 1346.94426809
1824.66529551, 1320.40507397
1914.32651348, 1290.97947303
1983.40221439, 1256.43171559
2008.75549203, 1230.67882619
1992.10665072, 1218.52086242
1937.20547914, 1199.03083013
1825.7215881, 1190.23639784
-143.26317724, 1492.36880899
-346.792166541, 1528.4375006
-329.325159219, 1505.09432911
-298.662838019, 1472.64710952
-216.585169706, 1409.27316879
-100.056635066, 1327.51070421
61.8887895242, 1218.42963594
243.71739876, 1099.72261482
441.666485143, 980.654738377
627.6186572, 868.803096871
761.994432705, 797.310782898
863.820073854, 757.067288956
955.027627888, 730.212455366
1007.67367159, 726.55266264
1031.17789252, 734.587063585
1032.56963854, 752.421385635
981.689115003, 801.697874192
892.582098823, 866.966087492
746.570264312, 961.795113548
606.060819833, 1069.65194464
444.489169379, 1206.51538668
269.561155607, 1361.9154832
145.030517058, 1496.3369103
67.4760233299, 1617.6723977
21.1251337829, 1730.74138124
9.40553822447, 1833.4820795
37.1043754523, 1912.51229155
91.8832540409, 1976.42062012
196.87908019, 2011.29004069
358.090311064, 2013.5124358
556.149207369, 1993.57068075
735.317053291, 1949.98303355
890.980678283, 1898.36098541
1023.81657714, 1830.1288524
1108.46501281, 1765.2085756
1152.47723792, 1708.39375323
1169.5704711, 1657.26820796
1157.18686383, 1625.04017248
1112.41417163, 1614.62835066
1039.69159681, 1608.19196103
898.57627528, 1633.55859323
716.509103719, 1691.72684092
-793.492042739, 2351.44006475
-1072.65541557, 2539.19738489
-1159.51376328, 2621.78447489
-1227.84837532, 2706.06603157
-1250.77255683, 2757.19803625
-1235.8246416, 2782.04878735
-1194.48609862, 2788.69144227
-1070.18712725, 2754.76850437
-892.391649138, 2710.83938007
-677.903095623, 2660.00966031
-461.829449607, 2646.73639781
-255.02736053, 2623.86947949
-54.0626791777, 2595.17807226
133.023734099, 2578.33544873
279.299968563, 2567.36898937
397.9677975, 2559.0055944
481.32137825, 2563.71522031
527.788537126, 2555.60330648
550.068520874, 2542.20172731
553.135355361, 2524.01946875
529.102770265, 2503.46624872
486.37248126, 2478.98927175
400.77669144, 2462.79171746
271.98684252, 2467.90785028
113.887661982, 2488.31983484
-86.0138316291, 2547.87982856
-306.455626457, 2643.13430401
-541.278215899, 2761.04253734
-770.933433002, 2899.18189182
-902.89949059, 2978.56047612
-964.069542958, 3028.19136059
-953.760635907, 3045.32980963
-902.80905889, 3060.19375256
-834.190668668, 3077.26760752
-717.913179427, 3078.51078718
-581.752505539, 3070.12801399
-432.564026619, 3056.24285077
-245.838468664, 3023.27975009
-58.5974653557, 2991.17357187
117.162068979, 2967.14055103
282.806042737, 2945.69121637
409.334304366, 2911.59431021
60.3730842375, 2946.45211919
60.3730842375, 2946.45211919
163.397124937, 2904.32081209
300.504717237, 2821.84955568
450.768866972, 2695.28856128
609.58932241, 2551.91121672
774.743252704, 2397.72243856
910.742441413, 2243.56595744
1000.79637601, 2104.20926093
1072.70680849, 1996.77141982
1105.39215465, 1932.76620015
1112.89819143, 1896.74316013
1105.6819565, 1884.74624581
1072.59053916, 1891.81435012
1008.32135527, 1930.47275156
924.181905542, 1990.41900249
830.803195916, 2069.92633919
743.964226435, 2170.00627413
655.598299117, 2285.00828668
580.485820342, 2443.38478598
519.135776054, 2640.16174619
490.896527325, 2847.36344703
473.816648693, 3065.35720323
516.914688165, 3266.99191997
599.10260214, 3457.95041493
730.979099509, 3607.3511828
903.968496346, 3714.51772881
1104.36649283, 3793.52812689
1337.2500296, 3782.98022177
1588.30290611, 3763.83725451
1851.35269695, 3737.47805231
2060.68033753, 3672.24815971
2229.49406055, 3570.70542526
2377.02639349, 3455.12337329
2507.70361983, 3295.99932571
2613.65238805, 3107.40489708
2704.14425511, 2898.93374321
2775.10087403, 2704.54712271
2793.08935037, 2532.68550768
2776.27902388, 2374.75383599
2705.84989765, 2271.24664697
2588.47692363, 2209.98013924
2438.7213241, 2176.36079347
2228.78780647, 2159.10048718
1992.62471052, 2150.6156707
1737.60286122, 2147.63970365
1455.53326759, 2188.94036167
1183.78549983, 2259.04136536
925.258883578, 2343.36211422
698.850928623, 2471.37944872
634.279024076, 2546.39590787
641.20545717, 2606.41277654
688.239736655, 2645.80537169
815.476790111, 2632.2875232
985.025142586, 2574.64763967
1184.21138497, 2488.67763998
1345.31280592, 2391.7739137
1487.54255471, 2288.71714022
1613.29743044, 2175.73169323
1695.33634231, 2077.3720626
1752.35699422, 1997.56200524
1791.55624291, 1930.80559055
1799.59710326, 1913.13231794
1776.31206643, 1948.14384547
1731.45583769, 2017.13600983
1630.60984773, 2167.65207644
1395.78167036, 2590.14199006
1293.93106306, 2917.47431935
1331.5585738, 2980.02965833
1368.79293218, 2997.30977859
1457.91932658, 2949.53441024
1581.81222678, 2858.67435697
1701.91012245, 2747.92465965
1816.50562808, 2624.1471573
1927.31904799, 2492.14190753
2024.92423521, 2357.57880921
2089.10944681, 2243.11807965
2129.98378395, 2140.34508435
2197.08769941, 2028.79659924
