199
0.0, 0.0
0.0, 0.0
0.0, 0.0
0.0, 0.0
0.0, 0.0
-64.3086396545, -61.679809223
-113.397865852, -79.4350301836
-184.501790792, -100.080413641
-288.620277473, -123.561059527
-414.753462897, -149.931867909
-588.816177681, -162.063286717
-784.81373656, -161.085067298
-994.656402697, -129.037361159
-1222.23931705, -44.9004661862
-1418.65292637, 73.0812869491
-1594.90707549, 222.962823226
-1713.21185614, 362.555010956
-1772.54731711, 495.852809406
-1794.07789706, 589.961438803
-1771.61900685, 681.850492832
-1698.13579725, 778.484947902
-1590.63304744, 878.94966203
-1400.15628596, 974.000192452
-1148.7102297, 1062.74635176
-856.4643207, 1111.28838173
-558.343259314, 1134.80077757
-237.57683938, 1087.19926664
74.7754342135, 956.638716778
373.848378455, 770.143746275
660.831635675, 565.708890942
895.970258917, 392.533177114
1096.2141273, 240.531883777
1232.29409257, 55.8504200305
1291.35505319, -132.446693411
1299.27690337, -348.488921435
1207.12014438, -580.031858644
1019.89968668, -824.100496978
768.764871637, -1050.84992846
475.690470681, -1265.38989094
177.805786784, -1441.90537213
-123.664601316, -1535.4019234
-429.860426796, -1573.8742051
-698.612521628, -1523.53225914
-942.015563749, -1403.31595789
-1122.18481749, -1236.41466968
-1197.41027905, -1081.03729058
-1203.56173625, -911.004471474
-1082.39036569, -676.606308176
-821.031084004, -404.907346313
-466.667969691, -132.672552038
-27.3558231814, 129.138138976
388.647173032, 329.064393234
788.46570465, 492.070962963
1077.74658742, 547.627878493
1236.68970705, 535.834459946
1309.40431568, 478.470833039
1829.07342974, 410.876366584
1829.07342974, 410.876366584
1736.07458803, 411.340521717
1661.07552213, 411.714840372
1638.12571774, 421.829506879
1620.18583291, 433.9191939
1596.22605915, 442.038876232
1567.25137491, 447.183550506
1516.14720088, 426.43834874
1455.96328429, 389.738264488
1389.61474222, 320.068536733
1335.15625056, 228.339191997
1286.62282043, 121.580088589
1267.01416539, -0.323564545753
1266.59991941, -83.322530806
1303.31996733, -139.506497213
1381.18424115, -166.895452338
1484.28277662, -147.409765718
1629.53550737, -97.1340836415
1768.94802215, -14.8288546225
1904.37056858, 69.4963131488
2007.79850447, 154.981177759
2059.11728786, 218.725843972
2076.32170367, 259.640487768
2033.45200302, 285.854773308
1954.52285975, 300.24888126
1852.52413013, 300.757954631
1726.42588112, 281.387059066
1602.27769804, 252.006306217
1478.12452404, 221.625565822
1408.97565595, 191.970312626
1382.92107971, 181.100213428
1382.92107971, 181.100213428
2066.87581982, 370.689014451
2066.87581982, 370.689014451
2089.44132372, 283.575306955
2060.29195745, 253.720417143
2076.12705796, 220.640973501
2092.94218236, 183.556588763
2109.6075793, 116.472577666
2109.27817889, 50.4733996753
2090.95399357, -14.4359542922
2070.76458788, -52.3356627057
2049.6251038, -80.2305047507
2027.52555949, -100.120455517
2011.52575877, -100.040600871
1998.57083892, -90.9758310634
1998.67065722, -70.9760801573
2017.90000269, -25.071480466
2056.218948, 38.7380676481
2121.60243893, 115.412699136
2189.98090158, 191.072370331
2264.33433493, 261.702158308
2332.58303378, 311.362153326
2396.77688238, 350.042249007
2455.81108396, 356.747697815
2503.64578593, 323.50854488
2544.35081128, 264.304652176
2567.84642991, 163.18612813
2575.33226598, 60.1474836404
2574.96293824, -13.8515947121
2574.69342881, -67.8509221585
2579.61351189, -83.8756774604
2593.6382921, -78.9456125495
2612.73787377, -59.0406890361
2610.99562182, 192.971145127
2559.61195652, 116.226640824
2515.44780432, 83.4466521068
2497.37815569, 69.5366629498
2531.37773223, 69.366971826
2599.46173087, 86.0273778486
2684.6153906, 116.602763944
2762.80407392, 154.212999264
2835.93791944, 180.848326163
2899.07188951, 207.533562215
2947.19107366, 231.293699363
2986.28541532, 250.098817023
3011.36994951, 266.973832408
3020.45967389, 284.928689984
3020.59941953, 312.928341253
2998.76439374, 346.037730387
2958.85971932, 365.237130364
2904.93026469, 379.50646543
2830.86131352, 365.875967537
2753.70256324, 334.260666573
2674.40908315, 275.655683717
2594.05572453, 205.055841233
2533.6621895, 126.356280078
2485.32839599, 59.5966784816
2467.044138, 2.68722487651
2466.79958314, -46.3121648434
2488.60965435, -84.4214917038
2536.40941991, -124.660557455
2609.19889227, -167.024371182
2699.11292579, -184.473341839
2795.11173014, -184.952469718
2891.20536188, -166.431834237
2984.40384021, -126.896487557
3074.67721963, -72.3463549513
3160.96063071, -15.7762835939
3229.23428413, 38.8836491504
3555.46299246, 284.258525334
3555.46299246, 284.258525334
3555.46299246, 284.258525334
3555.46299246, 284.258525334
3572.82212664, 356.172783034
3528.91251113, 374.392159127
3469.97812785, 387.686461225
3380.97923632, 388.130652696
3269.91074598, 374.684818671
3143.80251513, 353.313948016
3013.60948854, 314.963252751
2909.36622897, 266.482918234
2823.05786332, 204.91290915
2765.80902747, 155.198014063
2748.60461167, 114.283370268
2758.434796, 80.2338845728
2805.25453767, 43.9997599178
2902.17347492, 27.5158403987
3031.17186826, 26.8720123116
3224.27427373, 46.9085040898
3412.27193225, 45.9702119938
3597.23469172, 38.0469798269
3777.97790074, -13.8557406719
3922.53190333, -103.578314938
4042.96642288, -217.180808321
4120.33659607, -343.568530431
4133.67262995, -476.636746772
4103.98923573, -613.490303932
3994.3467652, -741.944687497
3799.75526248, -859.9749678
3548.3341608, -943.721189384
3247.01350016, -1007.21811429
2924.85281037, -1038.61062853
2589.85698269, -1036.93867187
2323.92018662, -1023.61123782
2097.15259595, -976.478872944
1895.43460306, -919.471405495
1774.74554683, -856.868276922
1751.97042448, -811.754046329
1795.379144, -729.969676977
1945.90631282, -624.719634485
2167.43259737, -519.823946987
