224
0.0, 0.0
36.8611963801, 60.3427891419
24.3055899071, 91.8762118248
25.5639066703, 140.326357737
48.4954345905, 193.6006013
77.7529012473, 261.571187916
112.39371745, 329.401961557
143.859530409, 382.268800075
174.65034625, 423.450418059
199.115223354, 449.935692992
203.859677407, 460.957950281
203.859677407, 460.957950281
191.104088585, 449.029205427
133.220610416, 380.316011969
48.092623071, 271.072129896
-70.769692911, 85.9863394108
-220.738552306, -173.895058945
-391.662083767, -482.458093661
-562.530039379, -838.94812402
-666.41353954, -1183.98901782
-725.113574505, -1520.17245866
-687.559653488, -1769.32041273
-617.756617518, -1885.37443536
-526.671148035, -1911.51706815
-433.305129, -1907.06886745
-330.937250504, -1856.41496876
-221.42862318, -1773.99615694
-112.231129901, -1639.18552137
5.04970139663, -1457.77381665
127.762017741, -1246.03887051
243.290043282, -1010.52607826
349.145805772, -746.898390889
447.677464485, -464.876206954
482.894159984, -281.890457897
434.029168677, -210.776376137
328.45477884, -213.23568711
207.412777832, -281.980388666
67.1253685418, -397.965054871
-83.4537250703, -545.447042133
-196.269728263, -726.603188658
-253.993919235, -860.707319007
-255.743878169, -971.002095147
-238.831748466, -1070.82183202
-212.466812284, -1171.4443451
-171.241652325, -1257.77792019
-124.748888045, -1334.40313059
-77.4292797968, -1386.34400732
-25.0735576742, -1408.88016407
19.8302815738, -1410.7894102
183.347218838, -886.740546803
121.102623913, -973.173239707
90.3238419469, -1006.73909409
66.0108116913, -1020.22525588
45.0005637778, -1020.9798966
51.430213863, -1023.7474948
59.8126520534, -1037.15401299
75.7988199671, -1058.18832865
97.9470458937, -1085.141178
120.61842209, -1113.40791997
143.557390359, -1138.52372644
154.695392871, -1153.11635815
157.834294489, -1160.99971382
169.775073219, -1166.13953904
203.437198606, -1135.99221222
253.668811551, -1090.11427568
344.168114567, -988.62597018
450.969313069, -874.557990456
560.282551571, -749.595532541
663.293919087, -624.097890481
766.06176228, -486.519656717
862.807360434, -337.639539718
943.275130852, -186.107569745
1008.1160029, -35.470053462
1040.8521665, 73.4626945659
1049.51882416, 156.828689102
1033.3011658, 197.559360067
1006.66404402, 209.025124027
975.154689089, 211.701044751
926.261036505, 181.57778568
850.749736364, 92.1460041315
758.237475867, -36.7821993691
653.991859339, -195.498460145
541.036043172, -382.037956215
439.857125011, -594.332154251
349.712498015, -803.755042741
305.11060576, -1026.24924763
334.134835264, -1188.98398301
413.901794109, -1314.77043807
550.414253109, -1344.13620961
706.591559313, -1310.11196785
875.96796101, -1232.77740541
1040.18506326, -1096.60933526
1190.6243439, -954.51069754
1340.30898382, -791.401811909
1478.07691276, -607.921573859
1591.20864353, -393.151437448
1685.45882908, -161.544221406
1775.65159158, 78.3417214779
1823.79519697, 215.481042097
1835.01743661, 254.198755582
1818.040544, 229.933860826
1787.28582979, 211.599533636
1720.19306946, 131.608524693
1632.28545005, 8.31922893543
1508.69071389, -180.17305524
1374.44502386, -378.233891119
1250.4188149, -590.49198753
1211.50855942, -701.121965466
1227.7141839, -749.468400029
1296.10420944, -762.575818049
1402.82117082, -701.818183512
1527.56132534, -619.423439444
1656.66259662, -519.309195929
1757.62490503, -444.098742663
1849.26218605, -370.317927232
1934.7253752, -298.23434171
2015.07280686, -222.86000772
2093.19985835, -139.99768923
2185.82786407, -20.9176633808
2288.46792817, 118.892984435
2407.96913964, 292.816704657
2527.73794319, 469.891360373
2599.33163325, 572.985218309
2638.4132098, 625.840022951
2635.25024044, 618.491851425
2603.04182064, 594.251024419
2556.8916985, 555.325888237
2492.28691042, 470.997830287
2411.06449929, 340.476108227
2323.61986076, 177.794101867
2211.77795486, -51.6844114716
2077.03602914, -397.595691212
1926.15149512, -821.477582068
1771.66792542, -1362.47927032
1626.28992652, -1874.73920184
1487.9008296, -2368.23333337
1396.15809052, -2674.95188485
1354.16450927, -2825.62550276
1346.08117125, -2872.22657192
1350.67377845, -2874.20342777
1345.60615648, -2840.44962491
1332.95887253, -2783.83649738
1317.33656769, -2698.72513744
1308.07630321, -2576.07014365
2208.29686463, -1008.24746847
2141.08376555, -1164.3961134
2072.47713027, -1288.37244015
1994.66121282, -1423.62658238
1985.10010147, -1491.36567855
2017.49187621, -1517.28426124
2078.2902059, -1515.14811819
2158.99690712, -1461.70255355
2260.18326563, -1327.79840555
2374.84834557, -1139.81723777
2471.23467418, -969.008351418
2538.87924606, -789.093894255
2588.67653938, -602.585906283
2606.39319201, -442.55115937
2596.43386266, -346.812913308
2591.25049546, -303.210932797
2576.37823781, -325.115634401
2537.93555675, -389.132509306
2501.14197009, -489.786530492
2424.63535173, -710.523336094
2346.29169049, -930.469399354
2308.00829662, -1059.87721115
2316.55002201, -1138.67466623
2362.46406017, -1166.05898838
2471.78473902, -1119.4865805
2596.43321607, -1012.01213159
2749.96785635, -822.2540903
2904.29323898, -630.659006132
3036.01485513, -451.108412042
3151.1790176, -279.672664069
3234.14220062, -210.867793138
3261.84969069, -209.729815125
3253.63857357, -254.098470229
3217.89128745, -357.380276638
3158.5856118, -495.158492751
3089.0002857, -656.818266322
3044.32334337, -760.611189126
3054.35487597, -810.654853598
3098.5837181, -824.249320262
3194.7775047, -775.292651482
3321.5306167, -665.458009414
3474.34212437, -517.848243053
3616.25915384, -367.726436692
3736.59464963, -247.508432829
3836.8143512, -143.671968051
3872.63668739, -159.091443722
3878.57469531, -223.703672146
3866.07007115, -326.103058741
3840.26264016, -454.348824774
3807.50240881, -578.513099999
3771.85883405, -699.258847658
3763.47180233, -771.858143102
3774.70148232, -811.530479653
3818.03587075, -809.498047949
3898.90645269, -735.437606571
4002.96412075, -612.567749735
4123.06812609, -472.65339057
4257.38142584, -314.903786736
4390.6724928, -139.294870481
4500.6246268, -25.4944828284
4583.27208224, 9.69639821583
4622.1296087, 3.85750812387
4626.66204653, -36.198165723
4596.06661951, -119.923429805
4547.0405943, -233.820088457
4473.13025307, -390.35207068
4381.40414139, -603.449044934
4295.90769744, -862.775784922
4195.5945717, -1191.93422216
4085.56848775, -1601.8308687
3992.1193317, -2074.38695557
3958.26291761, -2476.78817727
3936.57592587, -2739.62971582
3917.92871793, -2906.88485516
3901.08704478, -3011.77221401
3893.15555361, -3045.37417002
3845.02113527, -3010.50186337
3772.54217857, -2925.95719567
3704.33266116, -2798.61332368
3632.49719349, -2639.2249126
