203
0.0, 0.0
0.0, 0.0
0.0, 0.0
0.0, 0.0
-45.8349020796, -69.109780432
-54.1342947349, -72.5911711819
-59.3391178346, -83.4497998476
-82.3929863215, -93.1203297085
-112.347475036, -112.191999951
-167.676759405, -135.401271617
-243.293448042, -167.120609561
-333.66461251, -205.029086616
-436.500406279, -241.659668372
-548.053494534, -267.849523294
-666.241258952, -285.978294404
-769.111578772, -275.993440863
-815.523231275, -232.565817029
-824.603157148, -166.971953397
-760.007391185, 2.18296677836
-576.194610593, 305.930990132
-313.825974989, 699.020927743
-22.0071035783, 1096.87359682
321.400608214, 1441.54176112
699.587701456, 1749.83143416
980.96232871, 1883.04299198
1141.57610197, 1851.73459313
1220.45309959, 1710.23046158
1221.88632616, 1368.15598743
1179.95753558, 920.054462641
1110.42970951, 400.732903873
1026.10943613, -44.5468862575
900.516726673, -375.925025745
853.714735655, -587.499063937
821.978098732, -633.344302259
835.834609632, -573.311002286
866.997941544, -448.543832148
879.973786489, -213.204444353
895.681569603, 69.9108423232
887.79670527, 375.662095656
878.723742132, 663.564303601
866.169388244, 959.765904202
852.751595474, 1263.19623037
842.694316325, 1576.71154281
827.881196543, 1852.44614616
810.899107359, 2102.32933616
788.387535152, 2316.27612655
757.580015704, 2493.12605373
721.598753793, 2646.11738941
686.014649319, 2697.34015299
662.038626093, 2687.28280193
642.676821978, 2645.5440844
668.096479925, 2502.21983317
771.118685603, 2171.31134864
926.36175253, 1715.91197427
1154.71057979, 1119.8408266
1458.33069137, 442.564791409
1812.6174886, -288.282569749
2064.86984157, -747.450023321
2251.272795, -1044.4667551
2399.4080854, -1229.57465806
2564.79837178, -1424.79518252
2692.04531768, -1560.10672955
2792.27694123, -1656.86737051
2831.93648586, -1707.46500405
2840.05973094, -1726.83025358
2816.14242357, -1729.27205787
2762.94758256, -1680.0144809
1232.61043985, 2094.8760115
1232.61043985, 2094.8760115
1189.98753904, 2033.62008668
1167.52771996, 2032.87407951
1192.06671195, 2064.8559161
1252.92547934, 2124.00158739
1322.34613804, 2237.70634606
1408.45537854, 2352.98947016
1494.26759434, 2463.8103329
1599.27235751, 2526.292328
1669.48044025, 2503.69088739
1688.08238364, 2412.8120246
1701.72814901, 2207.07483038
1662.63494665, 1956.44218779
1616.58240822, 1688.79285806
1549.61389006, 1450.32437466
1481.15335757, 1256.77552943
1441.51448543, 1105.68032826
1405.26031671, 1018.90109543
1415.40401885, 1023.15612857
1472.72267963, 1082.98564575
1553.68581289, 1195.02568793
1648.98552015, 1327.17698682
1744.10563442, 1470.09711787
1847.70817975, 1572.11433505
1962.88772569, 1625.85140044
2036.42524142, 1626.33490896
2084.4739752, 1573.83425008
2132.08406275, 1447.40925428
2152.83767655, 1260.91987787
2145.71941997, 1052.97918819
2106.02527739, 860.652967815
2060.82584159, 686.621329877
2019.93326396, 577.292481467
1977.36907901, 523.652103398
1968.14753161, 519.783891453
1976.91665112, 584.18965628
1981.09574133, 734.507769643
2011.17806991, 957.503405267
2081.60378901, 1133.44151396
2185.67950662, 1262.76763276
2261.11315685, 1338.87127533
2321.79922209, 1341.55483388
2373.53657482, 1290.60145978
2397.22590959, 1195.35013214
2401.6121561, 1065.97563372
2388.32895021, 927.02040193
2372.13076775, 784.673575885
2341.2333799, 677.36862994
2326.66194247, 626.795186205
2321.30860702, 613.705426866
2334.81282278, 628.045446282
2354.56144809, 668.862009077
2379.03827881, 726.843771363
2399.29115703, 781.969272938
2413.68644688, 809.696076394
2424.75230376, 814.337930727
2422.81819779, 818.948704425
2408.18459908, 794.375186382
2392.27310508, 757.337039038
2379.48726127, 699.921690932
2362.56726145, 634.265666029
2345.44003343, 558.762963692
2319.95469689, 472.163323846
2295.24300274, 383.719374521
2268.38997441, 290.03952146
2237.22319708, 198.887823774
2208.34626628, 115.203160497
2188.7185181, 56.0022187697
2169.5639422, 24.1101786682
2171.49804817, 19.4994049708
2166.88727447, 17.5652989987
2174.79640052, 55.5843169394
2190.2001962, 111.928997955
2217.17065624, 220.839944535
2282.50898396, 401.150518078
2373.81271131, 628.138688189
2528.79694072, 956.664012379
2753.62317608, 1351.35650521
3025.80396306, 1790.85464991
3363.55786929, 2151.58626598
3691.02989727, 2404.98530087
4010.59624463, 2586.74984538
4302.12146484, 2656.98549144
4561.6268051, 2542.45174802
4798.65502728, 2305.71007048
4998.15463088, 1936.10905835
5107.13455765, 1526.3684385
5156.94806875, 1089.64013152
5062.21125835, 689.874028962
4859.78612623, 288.311996539
4586.44143024, -114.804211492
4319.51384597, -434.981763413
4085.59390308, -629.618502807
3873.32216543, -741.434017806
3751.07625984, -638.725991995
3426.5715368, 1212.88808354
3426.5715368, 1212.88808354
3426.5715368, 1212.88808354
3426.5715368, 1212.88808354
3529.91502889, 1230.21213163
3562.70158851, 1190.82886731
3559.94201512, 1122.43745882
3517.20857343, 978.719495572
3438.9013635, 785.377878548
3328.17022534, 576.266389045
3230.0211482, 381.108097763
3160.3034648, 262.941077738
3109.61948018, 195.050476746
3113.9608644, 213.137830977
3177.90731052, 332.137209249
3282.15573028, 517.925440785
3443.24619313, 769.849760327
3622.18914679, 986.970508613
3762.31525031, 1159.61371037
3903.28404832, 1237.18173205
3969.68608039, 1197.80191315
3982.43043542, 1079.52435223
3982.12644798, 852.753746574
3910.16378034, 579.657839488
3818.62863497, 288.592009887
3701.50802032, 17.1573738796
3577.89435103, -176.75410274
3531.76586967, -283.94161697
3509.95881584, -268.147554684
3547.2733154, -77.9039526299
3669.2672024, 246.542485994
3860.27073709, 631.384855978
4104.50708427, 886.738741241
4274.44605498, 1008.99153766
4417.17970222, 991.871200464
4434.80766583, 825.759024815
4374.74321332, 563.076209344
4245.2788465, 274.535089702
4070.86376087, -2.49808142821
3963.25827291, -231.986771693
