204
0.0, 0.0
0.0, 0.0
0.0, 0.0
0.0, 0.0
0.0, 0.0
-63.6785013223, 46.141613207
-69.8379067333, 108.206593067
-61.2333170506, 196.195007284
-45.29937002, 275.920218679
-12.5209836962, 337.064125898
27.6303686637, 388.531289252
78.4178560286, 416.273515679
146.224217439, 419.780273755
219.697515858, 400.116235019
305.656577208, 342.635457607
393.085561123, 260.439516274
483.136356517, 162.05326597
567.327717129, 47.2150545661
430.615483901, -612.09501307
430.615483901, -612.09501307
430.615483901, -612.09501307
430.615483901, -612.09501307
430.615483901, -612.09501307
430.615483901, -612.09501307
430.615483901, -612.09501307
430.615483901, -612.09501307
430.615483901, -612.09501307
430.615483901, -612.09501307
430.615483901, -612.09501307
430.615483901, -612.09501307
430.615483901, -612.09501307
488.160125478, -642.862109548
530.697182855, -645.794472034
581.030520316, -649.193757257
639.801495351, -650.917849307
715.491354223, -650.705096055
799.575241981, -647.403608586
877.656096059, -632.968227521
929.564636483, -618.632836665
964.510684383, -604.820750066
982.755891887, -600.013213989
986.865688954, -595.641764793
986.865688954, -595.641764793
986.865688954, -595.641764793
986.865688954, -595.641764793
964.49791155, -581.475518501
935.354916912, -554.07687139
877.797502501, -499.964543345
808.103194666, -419.343804976
728.76297882, -324.16434212
651.259618066, -219.731449447
577.211924057, -89.7239919232
503.369500655, 56.5609919479
447.161763123, 227.443086509
409.666155832, 410.928997232
387.545065269, 600.5487677
381.814264095, 740.445722341
377.391723567, 837.93644567
392.055728452, 890.032193681
402.068568989, 909.442062932
410.549815252, 909.703715062
422.207013107, 898.744256217
447.501862808, 858.492913648
481.932089093, 797.300107552
528.411991428, 712.425973218
585.353594015, 609.481066132
651.810278548, 496.218057692
727.05347016, 373.321914075
813.692207498, 247.947557875
905.38736021, 119.191979475
972.180141415, 17.965874251
1024.13977317, -61.0796611555
1069.87832781, -121.923597746
1108.4927957, -158.226805168
1125.97859249, -174.665993435
1142.41778075, -157.180196652
1148.99301757, -118.067970164
1135.24260268, -39.2585412209
1105.97407217, 61.0028826747
1090.28681198, 156.731195455
1089.17104911, 238.76018468
1092.68838756, 308.198130575
1105.80802534, 364.490893028
1117.73216551, 413.672341575
1132.7450399, 454.459761235
1150.03085626, 490.365200275
1173.1144357, 498.85921937
1200.32058504, 488.379456096
1259.33514918, 432.897195696
1351.45361594, 313.351438424
1457.17889869, 142.582106906
1585.50277512, -72.7664076893
1758.05167493, -322.83015391
1961.71125054, -595.279740557
2162.06404849, -852.267593098
2343.72277922, -1076.58233971
2513.3318339, -1277.21575809
2622.07669651, -1408.27511432
2707.31995583, -1488.41615712
2773.91275661, -1537.29763504
1873.00393655, -838.547108787
1758.45382822, -588.108947395
1702.03552989, -502.126532834
1657.18721204, -424.27649503
1638.11872965, -333.604597624
1619.60438738, -237.96350222
1615.57432504, -153.194648284
1633.34512717, -64.2160070726
1666.31601126, 36.5506580591
1711.83433, 143.36396556
1761.76770663, 244.653934949
1825.40040681, 360.515401658
1887.00904431, 496.122834291
1944.75676404, 642.222803032
1979.78783686, 813.797346415
2016.48133002, 1000.27948379
2053.55452854, 1197.38498334
2079.41938892, 1367.96929972
2097.15187254, 1526.98363563
2123.33476657, 1664.32793315
2143.19130309, 1777.42398948
2152.87333714, 1853.41910917
2157.00119723, 1903.06748045
2158.09670462, 1936.35110801
2155.21324101, 1961.02266325
2149.63352138, 1981.36637797
2141.31393704, 1998.79579323
2132.57103865, 2007.01538737
2117.83787941, 2003.02364353
1655.01645274, -606.156366935
1655.01645274, -606.156366935
1655.01645274, -606.156366935
1655.01645274, -606.156366935
1655.01645274, -606.156366935
1655.01645274, -606.156366935
1655.01645274, -606.156366935
1655.01645274, -606.156366935
1655.01645274, -606.156366935
1655.01645274, -606.156366935
1655.01645274, -606.156366935
1655.01645274, -606.156366935
1754.94177996, -588.924739637
1879.07173968, -576.605928815
2056.75459714, -580.321055233
2266.67447364, -551.206703994
2467.68978984, -531.563826014
2600.61154683, -460.255996715
2695.13687936, -359.712665213
2752.73571, -254.648995429
2773.10277794, -135.170200057
2756.56888965, -57.8615295336
2733.98306881, -36.6275780225
2556.0631996, -460.922899871
2399.84730238, -625.624428265
2313.54156398, -717.424861375
2241.86899461, -779.061236997
2185.42734307, -806.977898178
2135.99701523, -809.917743308
2093.01109814, -769.504738819
2047.72669341, -677.519290578
1997.2422744, -554.566765439
1965.60081171, -423.25104727
1945.04963392, -284.518754376
1933.57745119, -141.9691524
1926.40227312, -24.0474969693
1921.12033166, 78.368815669
1943.10092106, 145.546592424
1969.814602, 173.961012196
1992.38765001, 176.072292251
2052.13078902, 119.905065673
2139.31089363, 22.845139036
2241.58579983, -104.87660368
2342.02385093, -241.851776214
2448.11606621, -378.652513994
2534.40593405, -492.718541844
2610.10327556, -584.473173811
2663.50728422, -641.543410007
2699.6307667, -665.89693159
2724.43314799, -667.254091112
2740.18737008, -650.496869195
2738.10692588, -605.992130662
2725.65199881, -546.243701465
2683.87964234, -453.442460981
2616.4763395, -332.426781145
2536.97975193, -186.316232026
2469.6381208, -21.4371711461
2449.7283005, 119.437237657
2449.7952624, 231.922772355
2518.56630514, 272.953781122
2627.53979157, 272.071026981
2754.65320511, 233.545968917
2871.87183134, 194.715650035
2963.76477201, 174.204983201
3045.88097861, 172.493663984
3100.31134031, 196.811059523
3121.44530161, 245.569194021
3120.16787682, 309.907115855
3083.27750097, 404.981298312
3039.45024597, 495.596814198
2992.92673495, 581.884489575
2950.48218514, 650.611923627
2910.39779468, 711.63029497
2853.68700837, 784.162265272
2784.24157983, 879.646988945
