206
0.0, 0.0
0.0, 0.0
-100.267188812, -18.533506084
-142.489141329, -6.15179676457
-167.784624036, 10.6451837562
-190.778249135, 42.398816695
-207.530381842, 102.543359671
-217.016687683, 180.357304446
-199.879349952, 274.332363134
-168.066762287, 365.045974385
-91.0380702391, 439.373496888
10.0733260264, 460.785772461
126.335608643, 448.575873168
262.740960694, 370.016469327
377.998805667, 272.647946836
479.439715073, 163.699601741
537.352935004, 76.8948843738
561.514490778, -4.18050783953
562.198468042, -83.5815920582
179.337704347, -699.742801177
179.337704347, -699.742801177
179.337704347, -699.742801177
179.337704347, -699.742801177
275.051815675, -703.842666151
426.725963529, -680.584272556
623.768128962, -651.872166372
771.589810584, -609.768123308
890.955837525, -550.982482099
991.57749046, -481.489439565
1052.02585983, -421.057704186
1083.5346211, -374.023695607
1095.07212297, -334.68051258
1077.61937901, -316.014990132
746.181472577, -451.210826536
666.200949401, -574.694088205
626.402026787, -628.675990346
593.573421642, -648.228040986
576.531569456, -649.483140213
544.057428434, -618.075654403
510.581376844, -533.226647515
461.442271666, -409.394711641
406.092414998, -210.793620589
354.690510107, 61.6817804539
291.16840155, 388.774950246
270.929110804, 717.764875791
259.880616502, 985.701306262
279.682592959, 1206.03260619
311.950920211, 1362.26562145
351.758159819, 1476.68757596
413.996219557, 1557.43671788
461.882752583, 1589.24677847
524.472749368, 1582.35531255
596.225328774, 1549.85043063
688.554293293, 1473.79543533
787.845258286, 1371.73023915
890.591904651, 1253.01997565
993.22316864, 1137.46988412
1074.05116211, 1047.0716791
1139.0641888, 973.816601724
1172.74279132, 918.08732995
848.256777057, 202.480715566
848.256777057, 202.480715566
848.256777057, 202.480715566
943.90614374, 208.820956345
1036.25753217, 175.485973881
1155.49154274, 116.551682319
1295.73525411, 36.8666685405
1445.25693048, -71.5919332238
1581.69049635, -185.591416127
1717.67663964, -304.670250665
1811.70812598, -392.687746522
1884.20363737, -436.873726512
1903.39543397, -442.501776203
1883.84338333, -409.673171058
1841.91115029, -335.891819536
1741.87725331, -222.145525291
1645.20607923, -79.164113557
1544.41514334, 63.9833182862
1470.32670259, 195.131718758
1408.22897621, 292.542561986
1356.02265752, 370.378930668
1325.10744212, 428.424166964
1325.06512138, 481.584285558
1344.77740221, 531.035534121
1404.035417, 598.069015933
1468.82020601, 669.734426786
1539.52855411, 743.831184536
1593.3104324, 813.512671086
1632.71257015, 869.695155372
1652.42485098, 919.146403935
1651.89857683, 942.227197585
1636.54513955, 946.729637338
1607.8221893, 944.731606121
1565.4624305, 917.553474572
1516.05350267, 884.105636808
1476.75264038, 842.48302008
1453.88018758, 792.91638914
1438.9658559, 742.058128154
1457.70191291, 670.910674456
1503.93403477, 583.363025099
1569.14129539, 478.787630469
1662.40742584, 359.731219837
1793.21294202, 226.539940335
1945.42494386, 70.397356471
2096.59018732, -117.743731996
2315.73439551, -347.704198201
2578.18963534, -611.207987716
2878.14773008, -913.846619412
3158.92813515, -1228.57724095
3440.9213187, -1507.18959608
3634.53927943, -1714.03273781
3726.64326911, -1861.92748108
3762.8686009, -1926.74048391
3759.2103686, -1939.2151517
3749.43434328, -1922.80084913
3726.93877851, -1878.68793078
3687.15648988, -1811.78972817
3626.19848036, -1728.26056515
3554.72151352, -1616.6360015
3443.38919641, -1488.11318186
3288.41380746, -1334.28656251
3107.68140629, -1151.02227475
2895.3838162, -943.911837444
2687.03996781, -741.087182049
2482.66396802, -560.268348097
2328.08536393, -408.642310899
2210.13719348, -263.589806308
2136.7775778, -126.402464372
2103.65599034, 9.40607896583
2104.09183309, 170.805614409
2123.47460078, 350.617483641
2177.14362377, 562.059286441
2246.16608404, 768.998649489
2345.61401638, 965.973543201
2464.93193266, 1156.07939491
2599.48790385, 1344.84297884
2734.36180834, 1559.56612591
2858.10331282, 1793.18556018
2987.72605565, 2082.39645994
3077.7748507, 2389.46520552
3146.59728712, 2705.88497773
3198.95478323, 3005.24879084
3226.93153865, 3235.6881563
3240.1599825, 3419.38902259
3223.89180321, 3509.61289051
3196.06369814, 3517.77356256
3153.03985891, 3474.11638379
3086.89037821, 3344.4929052
2658.48630051, -955.725687642
2566.97080254, -979.951988062
2546.81941611, -974.042535886
2527.05070763, -952.613626324
2513.19145133, -911.033330333
2506.43200178, -855.903394347
2508.80692103, -790.94679531
2554.11851095, -714.612924596
2627.35948141, -631.879858376
2804.48934217, -543.138591593
3022.18927135, -447.5365998
3267.53717857, -346.495002331
3496.99705738, -278.310223832
3667.10596293, -231.278742329
3796.59416232, -198.387919615
3885.41101782, -186.917689469
3929.70406319, -178.022402422
3943.07357616, -171.521931453
3926.76054905, -166.738089216
3862.02060786, -152.963474386
3764.65461244, -129.621175082
3658.24141678, -83.8256317419
3528.66857592, -10.3962172671
3382.32117844, 80.4577273422
3229.29318297, 198.281462653
3071.90055403, 340.311601552
2911.05224372, 498.986807777
2824.12888113, 660.993996002
2803.6986193, 804.544002624
2818.57063024, 908.562382205
2866.47958717, 983.092455635
2942.18011835, 1024.4618837
3031.2277386, 1029.6117699
3140.27483209, 1007.01240259
3265.54778413, 947.349285947
3400.21408354, 855.752409348
3538.84823156, 742.149711305
3681.96239543, 601.1804377
3827.40663073, 439.727737449
3942.042716, 272.720049147
4023.64185529, 135.200666995
4088.45233105, 32.8258545081
4100.75266174, -35.3921919679
4103.59490041, -61.2363727315
4103.59490041, -61.2363727315
4107.25313271, -48.7617049424
4131.38068474, -16.2369261887
4169.19568305, 48.7478866743
4208.00680201, 138.451270362
4249.65436972, 280.470565192
4292.11793106, 460.808708573
4329.82007407, 667.553837688
4368.46769999, 891.737603849
4398.21172188, 1099.77436301
4413.34523847, 1300.63246385
4421.31420367, 1498.38103046
4413.06310022, 1655.03325448
4395.6917349, 1784.13877592
