5.778914073075130000e+04
2.203915125386770524e+04
2.234786492591465139e+04
2.642104554277920397e+04
2.103465623286061964e+04
2.669577299978902010e+04
2.284495421502070167e+04
3.723363551457949507e+04
5.435420531268305058e+04
4.309498139904508571e+04
8.040926937799215375e+04
6.101206310232420219e+04
4.793281588392952835e+04
6.083359031702580251e+04
2.930140899044812249e+04
7.658945793536803103e+04
2.413113502778527618e+04
2.800002534912667761e+04
2.627329470803734876e+04
2.111163790483523553e+04
2.457086371379533739e+04
2.893968129596511062e+04
4.654871245301602175e+04
6.434302631098395068e+04
5.244494529640708060e+04
9.108935642119182739e+04
6.988209819169167895e+04
4.953827284546152805e+04
4.708604987817727670e+04
3.111164440864147400e+04
8.521530301781673916e+04
3.496024902245224075e+04
2.633117166206919501e+04
3.118713359616375601e+04
2.379153919598520224e+04
1.973875283173120988e+04
4.323347058991011727e+04
8.631588544847645971e+04
8.840028211432934040e+04
6.007222312262425839e+04
1.118751077399608184e+05
9.019840129220660310e+04
3.947011173939671426e+04
3.658164325231672410e+04
4.689949933752870129e+04
1.094648981590717449e+05
3.029477044446295986e+04
2.010494653680064948e+04
2.656352197925126166e+04
2.415734592493857781e+04
2.777205312890155983e+04
4.344653451271089580e+04
1.039789449959486228e+05
8.553181141528373701e+04
4.982266253040841548e+04
1.040892108030589734e+05
7.439098796283004049e+04
4.571389297645813349e+04
3.579331582751406677e+04
6.054019223721753224e+04
7.027633090753118449e+04
2.299238763710898638e+04
2.258458608489372273e+04
2.061517302688543714e+04
2.580732619458603585e+04
2.613544757805004701e+04
1.171043891331170744e+05
4.333120774945642916e+04
6.854424560601070698e+04
6.013791865088291524e+04
8.490890105910412967e+04
6.290524973735498497e+04
4.621329612471786822e+04
4.802731102749706770e+04
3.198847189101708136e+04
9.064396680451017164e+04
3.827018585042989434e+04
4.840863632163160219e+04
7.976075252726726467e+04
7.123248850111319916e+04
8.723356933797629608e+04
1.529997937509580224e+05
1.107169351962186774e+05
1.827418610569534649e+05
1.407772872127885639e+05
1.405321945721021621e+05
6.185413217571607092e+05
1.309797066768425866e+05
1.330796102768029086e+05
1.002703566046998749e+05
8.999240785221826809e+04
8.200343053568352479e+04
5.437197228043214272e+04
4.985461771168719861e+04
5.954985123291668424e+04
1.176753059976673248e+05
2.024387774855747703e+05
1.809545231593854551e+05
2.330279889004496217e+05
1.291480462277179176e+05
8.292864859381612041e+04
6.644438756825802848e+05
1.535746288622343855e+05
1.625874957408571499e+05
1.319566433227153320e+05
6.535556903298835823e+04
4.812906531351136800e+04
6.495752252152478468e+04
6.337132345463784441e+04
3.787666405468789890e+04
9.087431287026914652e+04
1.362875856557364168e+05
1.073271220780388976e+05
1.847314072601007356e+05
1.514236641846484272e+05
1.142495820806780830e+05
6.878938097962333122e+05
1.250044500488979102e+05
1.096856385640076332e+05
1.002753053710486420e+05
1.026299231126589439e+05
8.190316010537078546e+04
7.944410483417076466e+04
3.988306892321465421e+04
7.996553654646183713e+04
1.256824905128796090e+05
1.913733218711645750e+05
1.661254286164023215e+05
2.109834357337762776e+05
5.796366762962583016e+04
1.224315363126076118e+05
6.871708984129347373e+05
1.683278606799166300e+05
1.613418647603222926e+05
1.322386061609081517e+05
1.112090020023189718e+05
9.433501365868093853e+04
8.464306839229070465e+04
8.876071033676907246e+04
1.306358641839620395e+05
1.842873741116676247e+05
2.368367376602218719e+05
2.113215649127450597e+05
2.669329876257424476e+05
1.528963131100272294e+05
1.059765451379816077e+05
7.311666771526561351e+05
2.029025681548848806e+05
1.981332601055146661e+05
1.775879034283134097e+05
1.818638474187052634e+05
1.741476997523398022e+05
2.544370918615559349e+05
2.542190016568919818e+05
1.545200865115241031e+05
1.714941498250794830e+05
8.496919559175433824e+04
1.161612541869799752e+05
1.780370703937728540e+05
1.179125903155357955e+05
1.685116781740992446e+05
1.024864440115568141e+05
1.805583034272614168e+05
1.884779379582413239e+05
2.644637171581269940e+05
1.882569617913880793e+05
9.035523883164642029e+04
9.268885973230835225e+04
7.822858435526599351e+04
3.089569534669806017e+05
2.983143521115772892e+05
2.702145260819559917e+05
3.078367171699306346e+05
3.441127425553686335e+05
1.371453519034672063e+05
4.041943286952754133e+05
1.543351473852751660e+05
1.499922674101187731e+05
1.485309205862113158e+05
2.740475407940637670e+05
1.152103810949297331e+05
1.098656545251503703e+05
1.193582422592808725e+05
1.232440114627027215e+05
2.865400606220404734e+05
2.410406890939421428e+05
1.823859724882069277e+05
2.612306835002576991e+05
2.534006042676228681e+05
1.078798563110131654e+05
2.867362983417609357e+05
1.263215684612249752e+05
1.001148980824570026e+05
1.242149561472490750e+05
2.444474891402219073e+05
1.361163563464059262e+05
2.103019948965236545e+05
1.483149362759208307e+05
1.804048417847285164e+05
2.134338865880621015e+05
2.050835119732139574e+05
1.566569334233714908e+05
2.511937800219097990e+05
2.125884893589526182e+05
9.711729850445514603e+04
2.306268115745561081e+05
1.081895797189846344e+05
1.103702060733984108e+05
1.291966197686872038e+05
1.275384067017562629e+05
1.756741893390881596e+05
1.156495630121988506e+05
1.231035614236673428e+05
1.485598013488212891e+05
2.393983324247739802e+05
2.401772909184937016e+05
1.766714085914708267e+05
1.723616951267851982e+05
2.246988147306424798e+05
9.263137217879513628e+04
2.686225371671512257e+05
1.111394875409740780e+05
9.149146954305238614e+04
1.050791049378955649e+05
8.844931998416605347e+04
4.258166365987573226e+04
2.661158408553425761e+04
4.302710692195552110e+04
2.477430866589188736e+04
1.050111496734639368e+05
8.585869405919776182e+04
7.105912678848758515e+04
6.082023635405267123e+04
2.596787186646734481e+05
2.381733327523594780e+05
2.951808847977233818e+05
2.284894183640137489e+05
1.355360047629660403e+05
4.033941486863246973e+04
1.003213873029215902e+05
5.649107465723349742e+04
3.743166665130401088e+04
9.744493306531995768e+04
7.182484049855290505e+04
8.444246156732678355e+04
3.068459420980793220e+04
4.295298585919073957e+04
3.278653858632430638e+04
2.288478290734833281e+05
1.717409402271080471e+05
2.799477639974525664e+05
2.004759944463009015e+05
1.039996747328382044e+05
2.019883864034128419e+04
5.338226774922266486e+04
4.721808061983308289e+04
2.673224911997481831e+04
3.005308571100495828e+04
3.119546124025463723e+04
1.038790936871719605e+05
5.552972218111948314e+04
6.766327049504089518e+04
6.286420840691922785e+04
2.681544942140739295e+05
2.384552111593229638e+05
3.198799890056218137e+05
2.428058524865076179e+05
1.464149415284570714e+05
6.679633824073871074e+04
9.790184580050274963e+04
6.398147016672330210e+04
3.562881464705769031e+04
4.095338829242080828e+04
3.011549606117313306e+04
1.186200651676405978e+05
5.410364742396177462e+04
6.837690800497379678e+04
6.006240211216051102e+04
2.521453380269079935e+05
2.274754381881263107e+05
3.026281382782428409e+05
2.414674192921908689e+05
1.295492892912165844e+05
6.479189088905163226e+04
9.164456690036157670e+04
7.464404866263481381e+04
3.537084520054153109e+04
7.985274856769027247e+04
5.587924602589202550e+04
9.636926796511346765e+04
4.660565071140215878e+04
6.521351265458657872e+04
3.842370804611091444e+04
2.354125560465466406e+05
1.951456046253781824e+05
2.772978494624923915e+05
2.107279193034286145e+05
1.124796523120354395e+05
3.863794257961405674e+04
7.740203911545952724e+04
1.914409678705543774e+04
1.765891076342292217e+04
3.291903773807528341e+04
2.547446810255360106e+04
2.902921264398837593e+04
3.211500914786008070e+04
2.098750984873975540e+04
1.976439979205690179e+04
1.333558200452130986e+05
1.284095939768869575e+05
5.029519229316403653e+04
1.526598988973033847e+05
1.733323356103110564e+04
1.863715780705552606e+04
2.645039194104379203e+04
2.534737093414400806e+04
2.128893245380630106e+04
4.330968889172357012e+04
3.162689626094098276e+04
2.763376989429241803e+04
2.747133209610677295e+04
2.030960129721374324e+04
1.582391714868074632e+04
1.147142979041469371e+05
1.001429394814206607e+05
4.530844813188615808e+04
1.339818990726168267e+05
1.351873708285556131e+04
1.755968059636920952e+04
2.304020577735589177e+04
1.982580566819814339e+04
2.624908409289074916e+04
1.600322990429863603e+04
1.206255144926533103e+04
3.152762804123658134e+04
4.330486592063502030e+04
2.194884353163614287e+04
3.031869778467793003e+04
1.580664061428762507e+05
1.887612288653751602e+05
8.601685599871433806e+04
2.689000668557857862e+05
3.566629948573192087e+04
3.054878789537824559e+04
6.817126643486517423e+04
3.700573462758874666e+04
2.635303324442922894e+04
5.967280840472333512e+04
4.334152157087434898e+04
2.683043404531477427e+04
2.202688290074971155e+04
2.326650605117529631e+04
1.638635926362926693e+04
1.170245324939410639e+05
1.129923420937495102e+05
4.547562691015870951e+04
1.286851926645313360e+05
1.149991353135753889e+04
2.169161908127220158e+04
1.965382771753484485e+04
2.556408001435788901e+04
2.642101021628336457e+04
3.306180076359109080e+04
2.142856265110572713e+04
1.571700552564711143e+04
2.505007593466104299e+04
1.445147195094553172e+04
1.711518132699008856e+04
1.467336599437922414e+05
1.370774623063494219e+05
7.518344865306532301e+04
2.476515410995030543e+05
2.004105177539198485e+04
2.367301042482614503e+04
3.254159658026080433e+04
6.717481447712598310e+04
3.521581107015097950e+04
3.133071839906702735e+04
3.571307528319340054e+04
1.022497941403788718e+05
5.563057576012703794e+04
9.548636079484372749e+04
4.099865923243951693e+04
1.411103548761535203e+05
1.268298054910263018e+05
1.021087039174995298e+05
1.398312313577084569e+05
1.009913565454343334e+05
9.717304629529739032e+04
7.999565727455978049e+04
3.709855298480168130e+04
4.983528601563141274e+04
8.954912090771795192e+04
4.646049586697849736e+04
6.712846446317945083e+04
4.093865799186363438e+04
6.382792393078149325e+04
5.869647711739386432e+04
1.101940581179603760e+05
1.435026939387031598e+05
8.814863342921459116e+04
1.609290752272111422e+05
7.067669219090648403e+04
6.997600058316484501e+04
6.076307913603846828e+04
5.698173587224863877e+04
7.389855899198111729e+04
1.193592461228394532e+05
6.995812952444482653e+04
5.212301825220975297e+04
4.815021423143102584e+04
5.518382645863202197e+04
7.934080715495932964e+04
1.434979268081625050e+05
1.954490910440582084e+05
1.208177361422743415e+05
2.348653362838044704e+05
3.227618682752105087e+04
6.384273479484381824e+04
3.016575842230641865e+04
4.841304409190112347e+04
7.166630483314493904e+04
8.870143691632134141e+04
4.929573978399253974e+04
6.850706763684609905e+04
4.282192585214280552e+04
4.657768199121706130e+04
1.091464942517117161e+05
1.383077549380141718e+05
1.879716304152368393e+05
1.131300093511227751e+05
1.991727317919721536e+05
3.799957761339576973e+04
7.356621629385043343e+04
3.179700887208497807e+04
4.879808953240491246e+04
1.342042011573144118e+05
9.469848610558143992e+04
6.607919733782796538e+04
3.130530632818052254e+04
6.232140352326336870e+04
5.637550500403907063e+04
1.276419130940854957e+05
1.456074967624125420e+05
1.874775260539694864e+05
1.117127665556509310e+05
2.305078288689768524e+05
4.223730087520906818e+04
5.672729192963500100e+04
3.859634123181484028e+04
1.206271366331734753e+05
1.506757486290771049e+05
1.174513596944244200e+05
1.487639598263322259e+05
8.316527374077957938e+04
5.987605531188403984e+04
7.870578676245057432e+04
1.469405277396931488e+05
1.384333116588564299e+05
1.826542626455360733e+05
1.501932754997096781e+05
7.001951365729756071e+04
1.336247519718541007e+05
1.032931274782558612e+05
4.748950890610826900e+04
4.133801671464666288e+04
3.314918222562225128e+04
3.256880276843294268e+04
7.036639353831866174e+04
1.262851312516622856e+05
1.402578105702779430e+05
1.041953442061421374e+05
1.121459595058900450e+05
7.478986687937795068e+04
6.247869317878223956e+04
6.506101759501374181e+04
9.165342478508451313e+04
1.245308311821416428e+05
8.514533321189756680e+04
1.255388467077970272e+05
3.905994206362908881e+04
3.910653830416822166e+04
3.823482110022752750e+04
9.068595615995634580e+04
1.040066594149586599e+05
1.226519273863488779e+05
9.290662004643058754e+04
5.390552779256563372e+04
6.826350397113496729e+04
8.095669305939601327e+04
5.888252042560782866e+04
6.408924352958524833e+04
5.782657269749394618e+04
4.885295346108773811e+04
1.030249366462239705e+05
1.264183437962282333e+05
1.572218333003144071e+05
1.422406066648564884e+05
1.420654335349827306e+05
1.278993758648518997e+05
5.928172320827166550e+04
1.344187486129335884e+05
1.708847557696873264e+05
1.556745660443031229e+05
2.102645982579200063e+05
1.363134414533369418e+05
7.357039810068724910e+04
9.298652416076166264e+04
1.751363077322504832e+05
5.897624548363419308e+04
1.413188631718222750e+05
1.736999998490184953e+05
1.800330795697042777e+05
2.307165144080895407e+05
1.356432989353897574e+05
5.391669149429139361e+04
9.652404876664659241e+04
1.868726084945960320e+05
1.801033858274022350e+05
2.624862009877095115e+05
1.407663510077407991e+05
8.783647462932860071e+04
1.645587797454611573e+05
1.363626494442167459e+05
8.296457855906221084e+04
2.741355075496420613e+04
3.727866990884800180e+04
3.301694836920127273e+04
3.307285229950518260e+04
4.230430732558396994e+04
3.085624257994001891e+04
2.217178584391895492e+04
3.077300925019093484e+04
2.229320947327681642e+04
3.365316326251954160e+04
5.561019041225426918e+04
2.946381642115275099e+04
2.109678239358790961e+04
1.332250759897933858e+04
1.561211004114752541e+04
1.982828789721678186e+04
3.463337817725588684e+04
3.046980636571163268e+04
1.794878465086774304e+04
3.051820079071032887e+04
2.733206835873764066e+04
2.105600343282696485e+04
2.820958918698417619e+04
2.370201456406548823e+04
3.223531824814055653e+04
7.061022680977761047e+04
2.852413331488478070e+04
1.738390944271895569e+04
1.246105849174152172e+04
1.454413892185861550e+04
2.084190405358219505e+04
4.325669170475527790e+04
3.370237118304534670e+04
1.892883658838484916e+04
1.976769490131451676e+04
2.214415813910914949e+04
2.132954648055539292e+04
2.459500952189748932e+04
2.598532010757733951e+04
3.244506775157838638e+04
4.306677667334486614e+04
2.951887189271256284e+04
2.075802486807627065e+04
5.764490256375703757e+04
1.972433594629608706e+04
3.548089995481344522e+04
3.200002252594660968e+04
2.529988793903341866e+04
3.879382052139104053e+04
4.454677330732950941e+04
4.139361798784083658e+04
2.718485116502597157e+04
4.761074539476454083e+04
2.498589760806155391e+04
5.414525386182747752e+04
8.041421794676124409e+04
4.852478277051980695e+04
2.558240976141213469e+04
3.331894911457067792e+04
1.497812220446815991e+04
1.997073734179199892e+04
3.593383629579860281e+04
2.530470959317408415e+04
3.723728661753571942e+04
3.642240442126564449e+04
4.349299077771594602e+04
2.621776416952867294e+04
4.874518476472828479e+04
3.189964896550733101e+04
5.720291559532258543e+04
1.318509401925263810e+05
5.743989972939103609e+04
2.624904142831335412e+04
4.502002441482715221e+04
1.512970284144141988e+04
1.467048096384165110e+05
1.472302570084114850e+05
2.055716983397876029e+05
1.760984899761446868e+05
3.529303627604094072e+04
1.008121550083723268e+05
4.369778466400829348e+04
5.483590585196691973e+04
1.106241534097169497e+05
1.372583192940531590e+05
1.002337966772930376e+05
3.645797801261529676e+05
3.112258877843276423e+04
9.390534473803223227e+04
1.624310183741700021e+05
1.724505602199291461e+05
9.629193079628395208e+04
1.982742072937628836e+05
1.558538223491489771e+05
3.918435942721868923e+04
9.742402155310052331e+04
4.131653507058324612e+04
5.668078148157191754e+04
1.088843787830514775e+05
1.513422749830947141e+05
1.148674010918492568e+05
3.460872637152078678e+05
3.610692815097482526e+04
4.933753586435520992e+04
2.125485052998694882e+05
2.374338440053220547e+05
2.199904519953782728e+05
2.471042343291236029e+05
2.457403511156700552e+05
4.670744118241089018e+04
2.187180113276847987e+05
4.589463720461015328e+04
4.255688742623150029e+04
1.092645758631576027e+05
2.615382088918295340e+05
1.315449586172582349e+05
4.646245002985547762e+05
4.665947224280391674e+04
2.274676382442167087e+05
2.342346028328249813e+05
1.129000212554624450e+05
8.076740297045992338e+04
2.200942445181813382e+05
1.471732607647218101e+05
3.129749343740935001e+04
1.007499552608250233e+05
3.602100397984700248e+04
5.284498684942587715e+04
7.463741153074977046e+04
1.023920727307650377e+05
9.393598656566947466e+04
3.234863531626820914e+05
3.999105359347932244e+04
5.206483122534812719e+04
1.345354483775299741e+05
9.244734937368072860e+04
4.856902605479661725e+04
1.247312644135867740e+05
1.149775881224163895e+05
5.922417534766838799e+04
5.506413846257558907e+04
5.880877924315841665e+04
1.639634426623532199e+05
7.355394331098784460e+04
7.877075234019773779e+04
8.731505497309510247e+04
3.035100222800723277e+05
4.950615565396927559e+04
3.402976278358865966e+04
1.182178538683720544e+05
7.451721366780417156e+04
7.523928276113039465e+04
3.571304111957098939e+04
6.146360470092628384e+04
5.887918498056277167e+04
4.502099840779010992e+04
4.508289445656422322e+04
4.564056700091349194e+04
8.240095917165208084e+04
7.319376822688439279e+04
2.383761061058203995e+04
6.501662822790125938e+04
8.080994167211322929e+04
2.952687090003820776e+04
6.959038733581772249e+04
2.723927926436211419e+04
3.174554985556596512e+04
3.038794296567712445e+04
2.345506070660776095e+04
2.156437798653048958e+04
2.456541343155442155e+04
2.788098474791714398e+04
2.145512519453748610e+04
2.905413089735537869e+04
2.470845306565226929e+04
3.129891691500140951e+04
2.185409647186740403e+04
5.320117405359490658e+04
5.649830956320399855e+04
3.201515344828729576e+04
3.635716762895100692e+04
4.207289003912333283e+04
1.728523077176699735e+04
3.282441817482336774e+04
4.280745514881672716e+04
1.644167705322615802e+04
1.458981455226907201e+04
1.623022966582736808e+04
3.271598497590621264e+04
2.027510151444107032e+04
1.974998692394712998e+04
3.356588534092348709e+04
6.803579517337644938e+04
4.488945552502954524e+04
3.993445663977323420e+04
1.567206867360704746e+04
2.823562559456225063e+04
2.917065877831077887e+04
1.811694281150710958e+04
1.426912430668284287e+04
2.175127525335439350e+04
3.638852679267249914e+04
2.513332845686468499e+04
2.597346425544311569e+04
2.728717858226913086e+04
4.626102912175434903e+04
3.382476483507404919e+04
6.155352320054231677e+04
7.140650308760859480e+04
3.634314764138188184e+04
2.633522393773254589e+04
2.690716396394529875e+04
1.652791838828922118e+04
3.194088617222821631e+04
2.461724129205870122e+04
2.038319306595018861e+04
1.838406887255070251e+04
1.949544054471456911e+04
2.753032212470781815e+04
1.931302557599249485e+04
2.486761355732423181e+04
1.648893004550613114e+04
1.310410354209084326e+05
4.487816779718869657e+04
4.252286357446145848e+04
8.246651713009654486e+04
5.050004211940468667e+04
7.796371693546893948e+04
4.820361435333348345e+04
3.882999651911490946e+04
3.606246221385409444e+04
3.979111526641396631e+04
3.362868136440992384e+04
2.640499672941997997e+05
1.270435287086052704e+05
1.361597196763235843e+05
8.994967790019071253e+04
2.269029276717156245e+04
3.507240021017529216e+04
3.464306041971175000e+04
1.401740724190685141e+05
1.051244975121368479e+05
1.303528702888179105e+05
1.065897399082321353e+05
5.928428997809861175e+04
5.912091190423240914e+04
6.726727554611029336e+04
6.673402230239349592e+04
1.477646328632168588e+05
1.042349148980798636e+05
6.426329723021276004e+04
6.818846797833197343e+04
6.382374855166603811e+04
8.647837388058044598e+04
1.096267093155928305e+05
1.071252017871650023e+05
8.439479863555594056e+04
1.008236020175993326e+05
9.206152583829101059e+04
4.578694980183031294e+04
4.353274226020251081e+04
4.338108591907566006e+04
3.285017740765155031e+04
1.942339074517487898e+05
1.094000967373531312e+05
9.552493294192517351e+04
7.805870815104513895e+04
4.055486121298644866e+04
7.196545068317928235e+04
8.548260549926995009e+04
8.315364461614169704e+04
5.437675621859488456e+04
8.173404988975764718e+04
5.205416937023704668e+04
3.253844976984727691e+04
2.485702722051589808e+04
2.612472842778402992e+04
2.441465598127190606e+04
2.376425262252007087e+05
1.180559216434238915e+05
1.331260593942195410e+05
8.774575695478315174e+04
3.176984977080822500e+04
4.029095775810797932e+04
3.750954819671573205e+04
7.932199963782503619e+04
4.661079634209885990e+04
7.749204353264116799e+04
4.157733333351756301e+04
4.152129937861194776e+04
2.927972203036008796e+04
2.622051426574777361e+04
3.254269221492539145e+04
2.407848591518032190e+05
1.275772974740613427e+05
1.374587803521456080e+05
9.066154115565409302e+04
2.756340900519599381e+04
3.336471587904448097e+04
3.385182875388987304e+04
9.105369235947064590e+04
8.154680195572158846e+04
8.268369825600540207e+04
9.922246080357518804e+04
3.235343961811385816e+04
2.338699032903430998e+04
5.621096274690435530e+04
1.930467444766286644e+04
8.864000136738816218e+04
1.674344183597484953e+05
8.751480262314280844e+04
1.543980323698899010e+05
1.128280070964818151e+05
5.685880955689091934e+04
1.469205278445736039e+05
3.409722115174338251e+04
2.596075689531944954e+04
2.666687149775029684e+04
3.593692489563094568e+04
5.167358592429289274e+04
9.316423809862764028e+04
1.198006586377256608e+05
7.746009107269361266e+04
9.289374631995352684e+04
2.078569804653322499e+05
1.542557369173317566e+05
1.437984505269976507e+05
5.904372741101006977e+04
2.081391323199821272e+04
5.781652549378704862e+04
9.416973816044525302e+04
7.257323595083619875e+04
7.943421383851571591e+04
8.729427385343947390e+04
2.855956611792594776e+04
2.502166560831645620e+04
5.897427237127988337e+04
3.001131451126240790e+04
8.570855730077662156e+04
1.749944655059967772e+05
9.447870537195754878e+04
1.410675141075474967e+05
1.037548305208472884e+05
4.587772374512022361e+04
9.176654502756454167e+04
5.776442559399223683e+04
4.132528320381694357e+04
3.978627748087854707e+04
5.007746565829158499e+04
4.435612179207653389e+04
6.984299077026157465e+04
1.140088092079847120e+05
5.316593306773697987e+04
7.673985304381982132e+04
2.071237177731209376e+05
1.480740668553100259e+05
9.019490685306508385e+04
6.986766870536998613e+04
3.992467562135236221e+04
6.873491646438972384e+04
6.614229361417877953e+04
7.090305074601342494e+04
6.902800564452941762e+04
7.412918450950672559e+04
2.583698920149364130e+04
4.665319468805897486e+04
8.767642173162940890e+04
4.244958817412686767e+04
7.619384007701188966e+04
1.703771545529917930e+05
1.039312152778743330e+05
1.440006911739884526e+05
8.909639364968078735e+04
3.098452597489996697e+04
8.787089680938227684e+04
4.815692076403266401e+04
6.162011353979320120e+04
4.746922130660025141e+04
4.814989864903566195e+04
2.062167984754806967e+05
1.380448109675716551e+05
2.344693651750941353e+05
6.721785994131660846e+04
1.349836887030539219e+05
1.027361138960567332e+05
1.023791234621507174e+05
1.363102195665102336e+05
9.847390187363525911e+04
8.592066404858871829e+04
1.435770139481119404e+05
3.365938866783315461e+04
2.402203797133485932e+04
2.889923198733234312e+04
3.281734977667485509e+04
1.350348026586695923e+05
1.122293424323619984e+05
1.196902511029769084e+05
1.178129513161235227e+05
2.016501817693531048e+05
7.899727352459823305e+04
6.791550649170027464e+04
7.539810226512234658e+04
9.026435297328226443e+04
8.133469890973228030e+04
1.125361812209510390e+05
1.071672458581039828e+05
9.356516496272843506e+04
9.783097517352667637e+04
1.072710103133758239e+05
5.663191176441609423e+04
4.953552519228687743e+04
4.320872362715876807e+04
1.011650327696440800e+05
2.582936970022694150e+05
9.458747244292167306e+04
1.264995963991093449e+05
7.889123703931918135e+04
1.598385627107161854e+05
1.654634612454052258e+05
1.426161316518370586e+05
1.304509679626625002e+05
8.006500716133373498e+04
8.318305679328872066e+04
8.888092367515993828e+04
4.136584134179589455e+04
3.911659741906896670e+04
4.233060112830195430e+04
1.038829203091564414e+05
2.668938030647209380e+05
8.712907143196478137e+04
9.907030178864368645e+04
8.084658912300778320e+04
1.563698348213892896e+05
1.413184634648642968e+05
1.598348215852171415e+05
6.691842856171198946e+04
4.812753436747473461e+04
5.492965551953016984e+04
6.366590676559043641e+04
7.009366300336548011e+04
4.261432257192706311e+04
6.956146905057747790e+04
7.273921583655625000e+04
1.568545845539971488e+05
7.680621218632531236e+04
7.867293629671087547e+04
6.702026703880586138e+04
1.381705646120240854e+05
1.227760146775397880e+05
1.238295666637286486e+05
2.663288904138879661e+04
2.863873694234757568e+04
3.691806220390552335e+04
2.384653730638221532e+04
4.737619428750251245e+04
3.075762739743605198e+04
5.072290562621816935e+04
4.698576187974529603e+04
6.242221897335432004e+04
2.729528929531140602e+04
2.982933153221591419e+04
8.370127056842407910e+04
3.548369949389346584e+04
8.372876146155978495e+04
3.299769254867525160e+04
2.097681445316801910e+04
2.033082391408335752e+04
2.420921387403674089e+04
2.291279303020732186e+04
6.873029969880245335e+04
2.508857551791191509e+04
3.552750217960837472e+04
3.980746716462462064e+04
7.896697798395191785e+04
3.420736286645015934e+04
4.423934269195629895e+04
1.064316715777612699e+05
3.755787662199274200e+04
9.089740952858325909e+04
4.914513273144173581e+04
2.661489615527543720e+04
2.111724045713968007e+04
1.978697056765781963e+04
3.497103852980973170e+04
7.294504552187111403e+04
3.351137035786276101e+04
2.056491524192602446e+04
3.150583333530666641e+04
9.550345281884990982e+04
8.850633537519810488e+04
6.703893646282459667e+04
1.062035282364448794e+05
6.605534935998392757e+04
1.066178067571349966e+05
7.483525350259176048e+04
2.154838896490032494e+04
1.393647585860325671e+04
1.710328417807054939e+04
2.592714239202788667e+04
7.495878158158771112e+04
2.795933007187684052e+04
2.648127906603501469e+04
3.797708535455821402e+04
8.729774273187303334e+04
5.423900263407160674e+04
6.015525951671131770e+04
1.038825631605363014e+05
5.846543768056044792e+04
9.957626127283189271e+04
6.280900616396352416e+04
2.033939596180590161e+04
1.740124777554394677e+04
1.851393411177831149e+04
3.423066514322371222e+04
8.650485198791566654e+04
2.972708568024596025e+04
2.588727713293373745e+04
3.658478489587183140e+04
1.018086322673018585e+05
5.276113532593450509e+04
5.725382142044333159e+04
1.040525398980144673e+05
6.070684651776060491e+04
1.000554523337347055e+05
6.107912284068724693e+04
1.549040735055246660e+04
2.869582897587885236e+04
4.442174741421400540e+04
3.107973899712007915e+04
2.737102965274609232e+04
3.982000537926296238e+04
2.798241338802080645e+04
3.186190048906942684e+04
1.401145822802538460e+05
6.070590554796198558e+04
7.422547177604096942e+04
7.937902671991982788e+04
3.312649647690133861e+04
7.332633582587455749e+04
1.167158022380141920e+05
1.607154087551088742e+04
3.415964650612397236e+04
3.978021374541665864e+04
2.992965336082978683e+04
2.619422741066726667e+04
3.275470405117587143e+04
2.864454296884472933e+04
3.357966539141232352e+04
1.330512929022833705e+05
1.289092420319415396e+05
1.241281529920100002e+05
1.257728919329291966e+05
3.762010354009828006e+04
1.416239889767799468e+05
1.175670605827822292e+05
1.684345031085726077e+04
3.553758415115006937e+04
3.585880996725800651e+04
3.066251333198198699e+04
2.581273467121649082e+04
3.083748356033499294e+04
2.796594951689098525e+04
3.492458417588345037e+04
1.189655469514252618e+05
6.168669225884784100e+04
7.773018561493806192e+04
7.833409326957660960e+04
3.713263287429749471e+04
7.218798857667157426e+04
8.662766619734965207e+04
2.168471111013950576e+04
4.451457636037648626e+04
5.230918578535653069e+04
4.586577571855999122e+04
1.566811819697588908e+04
3.548830646356698708e+04
1.732526182077589328e+04
2.032059992208711265e+04
1.160231989971294242e+05
5.369341257844540814e+04
7.245387017403582286e+04
6.250433026316214819e+04
4.215831988176832965e+04
6.165148026227802620e+04
1.006899946739788720e+05
1.223241902244369157e+04
5.832429316717653273e+04
3.668683862283967756e+04
3.111831203848208315e+04
2.666928972083484041e+04
3.408073720404470805e+04
2.898619652740854508e+04
3.421872704094143410e+04
1.204960385758036282e+05
6.035068465733831545e+04
7.542820467379892943e+04
6.160639558660433249e+04
3.422276691059586301e+04
6.368685921550521743e+04
8.330627793600382574e+04
1.840772232297092269e+05
1.924382364161439473e+05
2.033180991839787748e+05
2.110249159252037934e+05
3.380168344045788399e+05
3.524170875196012203e+05
2.732906106199736241e+05
3.253911952391529921e+05
5.846291348006625776e+04
7.617651251415186562e+04
8.406311269863563939e+04
1.039824889681717905e+05
9.296580789140082197e+04
1.030321976896890847e+05
3.119576331355868024e+05
2.200751298082049179e+05
2.534527834453831310e+05
3.162995643593936693e+05
2.383549582915136707e+05
3.629077570632476709e+05
5.224839370125708519e+05
3.203724192003743956e+05
3.115628793645619880e+05
1.643119499030076549e+05
6.959898662776249694e+04
7.597329903068410931e+04
1.318689618183918938e+05
2.487012061811038875e+05
1.951028738287590386e+05
3.254576880949623883e+05
2.753418771949564689e+05
1.789464440418792656e+05
2.791653540734160342e+05
2.599418352068641980e+05
3.257594993678681785e+05
3.916524411912955693e+05
2.752363696749306400e+05
3.181714077036688686e+05
7.384122197592425800e+04
7.034253622869712126e+04
7.768369988634773472e+04
9.228553972847532714e+04
1.183934655355951982e+05
2.019199034271398559e+05
3.114777134861050290e+05
2.246959336596437497e+05
2.790457866009621066e+05
3.602743862718762830e+05
2.586623217232835304e+05
2.916799527901341207e+05
4.321730152820335934e+05
3.614092262041416252e+05
3.370647373429820873e+05
1.092052302868181287e+05
6.974094748334797623e+04
7.808660913031433302e+04
1.326879904236349976e+05
2.033603707076682185e+05
2.084229637104740832e+05
3.030898211756728706e+05
2.071035571955126943e+05
1.681691589533448860e+05
2.352047984753511846e+05
2.042745804795222648e+05
3.359721153945402475e+05
4.665933976594101405e+05
2.932310252909380943e+05
2.805763242991981097e+05
6.496222567800640536e+04
8.131490172687567247e+04
1.244050072785704106e+05
9.044451093036089151e+04
1.078321660861784039e+05
1.411481272031686094e+05
3.047459988812971278e+05
1.193098606053828844e+05
1.380484544577100896e+05
1.106298506252244260e+05
1.386893085941909812e+05
1.494981747006460791e+05
9.807547195847425610e+04
1.342316514313337684e+05
1.035012762611233047e+05
1.055288223559140170e+05
9.941292866456072079e+04
8.688166179605147045e+04
8.092276387693150900e+04
8.991310449768246326e+04
7.118778976512646477e+04
6.816663859261700418e+04
1.279906412359567912e+05
1.871381986226646986e+05
1.404550614210829372e+05
1.537727014834713773e+05
1.892247027300701884e+05
1.221537541206785681e+05
2.207817397843470098e+05
1.980630945213897794e+05
1.010049685074979789e+05
1.011744858290717675e+05
6.961537566377359326e+04
7.262043212120434328e+04
6.749591471553483279e+04
6.894878225030933390e+04
8.279359723612770904e+04
2.248265190027444332e+05
1.656849071786417626e+05
1.526407048996331578e+05
2.479658275772743800e+05
2.782339028829457820e+05
1.249646313995636156e+05
2.534637670467617863e+05
2.430305053807625955e+05
1.140685757138589688e+05
7.685564772341720527e+04
7.586995395219666534e+04
8.134270835065892607e+04
6.170008039448216005e+04
1.102364995107353461e+05
1.210109590568969870e+05
1.273376689339467412e+05
2.005996169871536549e+05
1.955234085795937572e+05
1.491861564912261674e+05
1.598648286445692938e+05
2.072460239829169586e+05
2.199393223666492559e+05
1.824789723583450250e+05
8.254500627957700635e+04
7.605251562544413900e+04
6.385835498297944287e+04
6.244281026511938398e+04
6.162428880443843082e+04
8.202358000739177805e+04
9.916808707756479271e+04
1.606239648235599743e+05
1.969564639689826290e+05
2.222998516981728317e+05
1.701712179711855133e+05
2.095974137403836066e+05
2.262962196056669636e+05
2.657270305442863028e+05
2.424464228674361366e+05
1.272178032333900046e+05
8.791877769951008668e+04
7.777450328998394252e+04
1.974181041967754427e+05
6.447211442294715380e+04
7.714243619596713688e+04
9.792052670614414092e+04
1.318392745707037102e+05
1.109729897685758770e+05
1.043056621111568966e+05
1.333615908900703944e+05
1.109680482910343853e+05
1.216908269727778970e+05
5.799371971238296828e+04
7.251498939091114153e+04
1.377697933454794111e+05
8.118949092122699949e+04
8.447191344435125939e+04
1.172140156529037631e+05
1.329778588084194635e+05
8.726886743852411746e+04
1.115568741946237569e+05
1.689616364334159007e+05
1.396130531567287690e+05
1.390661549829522555e+05
2.254183366360559012e+05
1.457457977956601535e+05
9.356515384013991570e+04
6.522499936982560030e+04
1.001256237368973088e+05
1.769952143126313167e+05
8.159493160606655874e+04
1.266047251365903940e+05
1.491592836367271375e+05
1.549612649477070954e+05
1.160260328480393073e+05
1.367583643396327971e+05
1.074747423317399516e+05
7.803825284681079211e+04
8.457435930539434776e+04
1.092650697839364002e+05
7.034143577630547225e+04
2.324824686221450102e+05
7.234760230626040720e+04
3.070102631939719140e+04
9.011195515699553653e+04
7.371553481535591709e+04
4.797826345162182406e+04
5.487869375827605836e+04
7.392062305953548639e+04
4.271184605565790116e+04
6.175270224566786783e+04
1.736986878386088356e+05
1.322165545159949688e+05
2.712070184058499290e+05
1.585687441830088792e+05
1.260144905808351323e+05
7.724532469079410657e+04
5.955090648997494282e+04
9.348246710935028386e+04
1.570982282292466261e+05
8.333518267657663091e+04
1.016267200792797958e+05
1.318709550626149576e+05
1.352877738961366122e+05
9.707866310528655595e+04
1.102556866601706424e+05
1.116206371643469029e+05
8.735223274075143854e+04
7.416647100089359446e+04
1.032525963006721722e+05
7.384825771898165112e+04
1.119129879466907732e+05
4.865331373903373606e+04
3.590024046981069841e+04
9.938949010242674558e+04
6.384401365376466856e+04
6.322723582522784272e+04
6.917347351247358893e+04
8.213790375561117253e+04
5.334973760538222996e+04
6.148049620304345444e+04
3.181768907092698500e+05
1.452563541535631521e+05
3.131735163921075873e+05
1.618335679960380658e+05
1.303905735808922182e+05
2.262421297345317726e+05
2.742636422503871145e+05
3.335685471232082346e+05
7.438830450879609270e+04
1.023650910534938448e+05
1.825799104375418392e+05
1.219732177301447373e+05
1.743060046362995927e+05
1.236393355829287175e+05
1.125232464516872860e+05
1.023600233322797721e+05
8.050462875046185218e+04
2.039309365495026577e+05
6.478248743286199897e+04
3.005256053748354316e+05
1.338476757271052338e+05
1.180385066296101722e+05
1.901771156136370846e+05
7.914337428263163019e+04
4.415593027402234293e+04
5.559304983762588381e+04
4.773404544903709029e+04
6.062132025006414187e+04
5.063824992748381919e+04
2.826144699363555410e+05
6.929000751641522220e+04
8.051297756778857729e+04
1.084342272396981425e+05
5.542300126142229419e+04
3.242185467996211955e+05
1.018243534619807906e+05
1.404809204375603294e+05
1.584564688060900953e+05
1.859433426155172638e+05
8.445982229293693672e+04
7.243617750842607347e+04
8.164901523628001451e+04
8.034562486145758885e+04
8.499662697584844136e+04
3.046443484825064661e+05
6.442220284017069207e+04
8.336418140537412546e+04
8.801509575871996640e+04
7.211775281322794035e+04
1.723029641600439209e+05
9.961303517077202559e+04
1.353972608367712819e+05
1.086848396133557253e+05
2.115837276190200646e+05
1.270681850137401489e+05
1.150611692510795401e+05
1.693100522852865688e+05
1.051838471073958353e+05
1.402375421018224442e+05
2.058230053170023602e+05
2.671862630645146710e+05
8.332667739281684044e+04
2.140236906979801424e+05
7.008900090731985983e+04
1.464554171409876726e+05
1.055365094690858386e+05
1.047409300840018841e+05
1.727929324499726645e+05
1.157038898302212619e+05
8.126362908668964519e+04
7.740730772718504886e+04
7.979893755427611177e+04
8.602911280085000908e+04
8.130562069910518767e+04
1.230585016405786737e+05
1.681318331938072515e+04
2.207209512239467222e+04
1.649468737733113085e+04
3.319274787806311360e+04
2.146407063171499613e+04
1.975524816212792575e+04
2.425890004695038442e+04
3.033244531021799412e+04
3.868323576925400266e+04
3.074071278804606482e+04
3.327808383777791460e+04
2.359225030239617263e+04
2.317900129865302733e+04
2.398942314778529180e+04
1.974409302626198769e+04
1.855042149714088373e+04
2.230194297065021601e+04
2.959585088467745663e+04
4.792018587710601423e+04
2.310483974524003861e+04
2.730225892450051469e+04
3.020621734737878796e+04
5.037327008142222621e+04
4.561437057602053392e+04
3.544307106787394878e+04
2.552279889362110407e+04
3.515675344243594736e+04
2.411233292516321308e+04
1.256660156559665484e+04
3.042193730373457583e+04
3.668246200602821045e+04
5.063724820379449375e+04
3.715486435739041917e+04
2.285087770318604817e+04
6.531902767918447353e+04
2.899265078931646349e+04
3.148669458375917384e+04
2.664547105803234081e+04
5.141703689005481283e+04
3.340608003772120719e+04
6.307413931565292296e+04
4.477401896026416944e+04
4.155267601797656971e+04
4.726480669563031552e+04
4.240384920128996600e+04
1.292113751887942999e+04
2.741122093628591756e+04
1.690046651167502569e+04
2.660863573961958537e+04
1.732761091815869440e+04
1.246353616830049214e+04
1.631704022836926742e+04
2.204740349184964361e+04
4.199964602352514339e+04
1.918639827492745098e+04
3.823804439420615381e+04
2.737529464661482780e+04
2.538444640510910176e+04
2.534726834509906257e+04
1.913112252176666880e+04
3.401239398918369989e+04
2.374391561381988504e+04
3.265132093392852403e+04
7.689511422458288143e+04
3.866375924332978320e+04
6.045658722866805329e+04
6.810460855495663418e+04
8.447840275117609417e+04
4.565863349467574881e+04
6.486325028180105437e+04
2.320552116948218099e+04
4.097152336955790088e+04
6.373537724403027823e+04
2.851782053381062724e+04
9.131633058694841748e+04
