1.991249153499975000e+04
7.078623754790959356e+04
7.976123094885022147e+04
8.145579900457072654e+04
6.441908298329928948e+04
6.185314242842083331e+04
3.875516386963410332e+04
3.276186342519735626e+04
1.070141933084293705e+05
8.160504486405789794e+04
1.418806419365912152e+05
1.176206524933988403e+05
4.748939116041990928e+04
5.059898583146229794e+04
2.743675813121682222e+04
2.670222273778016825e+04
8.516742578186457104e+04
1.093585772784700239e+05
8.666890345670908573e+04
6.190076667577795160e+04
9.914731201558500470e+04
4.490453425843355944e+04
3.994310988937150978e+04
1.340495269846857991e+05
1.037404223013297742e+05
1.577162051488402649e+05
1.110310252672999632e+05
7.345862931755997124e+04
4.784353412407279393e+04
5.129161957092474040e+04
2.144397193414618960e+04
7.688293998929273221e+04
1.134624537516657292e+05
7.671143086599181697e+04
6.832097154350209166e+04
9.240240909164499317e+04
4.565543415344980167e+04
3.705656414312725246e+04
1.218321800798649347e+05
1.075632849718214129e+05
1.540585471663839999e+05
1.254153599491365603e+05
6.341055683764076093e+04
4.659179735898289800e+04
4.386820597050675860e+04
8.395123975078455987e+04
1.634890123342179868e+04
4.235706354587763781e+04
1.818627382219752326e+04
4.149128099114494398e+04
4.788336173694251920e+04
4.437044940461924125e+04
1.234072672495199513e+05
6.467755107739486994e+04
8.279010751252915361e+04
6.670055457771549118e+04
7.854468226867387420e+04
5.269049563170666079e+04
1.280752060636832175e+05
6.893815720260296075e+04
3.974082319584947254e+04
4.538587245868195168e+04
7.763329471266876499e+04
3.735464389827052219e+04
2.781506296318678869e+04
8.394757710049694288e+04
2.585036974803017438e+04
6.128048930190197279e+04
7.246564033963865950e+04
4.846986794116182864e+04
1.189697127467164828e+05
9.100246712763456162e+04
2.496613586972409394e+04
7.534550039858897799e+04
2.776437432873518992e+04
5.397018697120886645e+04
6.222056929629114893e+04
4.672878620743275678e+04
2.765822227205851959e+04
3.181053523261649389e+04
4.427384618917097396e+04
6.480478178160026437e+04
4.389183002954020048e+04
3.864191892895678757e+04
7.826719851084696711e+04
4.696021204321293044e+04
8.334998327371016785e+04
1.015223947111208399e+05
7.500339451315000770e+04
4.975322508665475470e+04
6.176863751231761853e+04
5.818945122019897099e+04
4.268496467865709565e+04
3.196339460460619375e+04
3.216613102299985621e+04
5.016295384584031126e+04
5.966574283755735087e+04
4.806256424722384691e+04
3.641588969629872008e+04
7.323126182348173461e+04
5.460901722130708367e+04
8.347850852378798299e+04
8.241762907083418395e+04
7.431879043903393904e+04
5.105294634611140646e+04
5.214898691092336958e+04
5.134001136859664257e+04
3.778403794495039620e+04
3.544121020854476956e+04
2.943758169516346607e+04
4.929981488177343999e+04
6.421878629533079948e+04
5.435408087354307645e+04
3.673277761272795760e+04
8.819282872874462919e+04
6.416324807765548758e+04
7.889920444320610841e+04
6.552044446390160738e+04
5.762242795791221579e+04
4.563996687575709075e+04
3.844137626749945048e+04
3.643052741604703624e+04
2.509236219915633046e+04
3.241076041777498176e+04
2.177532625114975235e+04
5.525687038002844929e+04
5.107120306256327603e+04
4.685947070872617769e+04
3.526188176480376569e+04
7.286603801912686322e+04
5.250610323670272919e+04
6.536311764353847684e+04
6.375409625175451220e+04
5.286558359536271018e+04
3.908721546257755108e+04
4.399642163677497592e+04
4.731889459556143993e+04
3.277786762609821744e+04
5.557424465069397411e+04
3.996641988701513765e+04
5.979779827022238896e+04
6.151104386941913981e+04
6.711914953559941205e+04
5.240447321624633332e+04
9.359176090931284125e+04
7.758379965671747050e+04
8.768633083540643565e+04
5.436326695651727641e+04
4.495484390805327712e+04
3.948482568096250179e+04
1.648012419700677274e+05
1.091812884632344358e+05
1.012526498110694520e+05
1.460541902421523992e+05
1.313567831780203269e+05
7.614892349434600328e+04
7.497604620071488898e+04
1.036498484308877087e+05
9.689052799733431311e+04
4.590568950814232812e+04
1.250893149847711611e+05
9.469298006295120285e+04
1.175512940736854944e+05
1.825554654873447726e+05
1.742502237321998691e+05
9.349781294270578655e+04
1.320902148046045913e+05
7.135537885366869159e+04
9.656884809397325444e+04
1.587050576160398487e+05
1.047946878065844940e+05
8.815394546432387142e+04
1.030493886869203125e+05
1.499798684501488169e+05
9.629196081531095842e+04
1.423413023846804863e+05
1.512732315011546016e+05
1.441804115976236935e+05
1.849327007092690037e+05
1.710976585020723578e+05
1.377821799731779320e+05
1.389266736825266271e+05
7.990792907767924771e+04
1.058568222418725345e+05
1.708034995714008983e+05
9.918641402710233524e+04
8.663451261912354676e+04
1.238798614233647677e+05
1.203162577123858791e+05
7.518868596509829513e+04
1.525598447891535470e+05
1.187820064558694430e+05
1.357608773681666644e+05
2.172832510511385044e+05
2.057407946093151113e+05
1.045902267223186063e+05
8.521317876400839305e+04
8.286157457040640293e+04
1.905394373161510448e+05
1.259408389812740643e+05
8.552001888970621803e+04
7.660786579515156336e+04
9.602466968195939262e+04
1.354280083084207145e+05
9.562400110295299964e+04
1.159126832262365497e+05
8.962649732429257710e+04
1.210353671474631410e+05
1.304732637375508784e+05
1.014485438153371069e+05
9.916331188708996342e+04
1.308173564198051026e+05
5.639668362160843390e+04
1.280915012754809286e+05
1.304144902441947634e+05
7.600440150075877318e+04
5.797865439670476917e+04
1.026116765915857832e+05
1.009730739694033255e+05
7.377628855346600176e+04
1.101291734335174115e+05
8.303431618461231119e+04
1.040393641739826271e+05
1.364968414430771663e+05
1.413648876994973689e+05
7.967082278791860153e+04
7.074965276082242781e+04
6.857401948904868914e+04
6.845128764136919926e+04
6.301830538827835699e+04
7.845574926281710214e+04
5.042742339517961227e+04
4.657889592512689705e+04
1.994050177613353007e+05
8.944927927015295427e+04
7.734274109542484803e+04
7.792499806390372396e+04
5.182528202713984501e+04
5.961289731704251608e+04
5.496210823473113851e+04
6.428123041504200955e+04
5.991224296202802361e+04
5.861404084383412555e+04
6.646113472665063455e+04
5.764408272484716144e+04
6.744741516281878285e+04
5.371589560918198549e+04
5.050664361341897165e+04
2.024838995565497316e+05
9.950318017800482630e+04
8.211984307139051089e+04
8.549613850172529055e+04
4.884667429210395494e+04
6.212214222478410375e+04
4.942256033985043177e+04
7.178772703586981515e+04
6.906298058024117199e+04
7.334396945080718433e+04
7.015646491598298599e+04
6.981892134077619994e+04
7.745839840189694951e+04
4.128264383544075827e+04
3.466715700284876948e+04
1.435740651307427906e+05
9.077843311936318059e+04
6.766025220714684110e+04
1.097476037171937060e+05
5.298406108740236959e+04
4.391200898729159962e+04
3.534923364068700175e+04
7.865706307684167405e+04
7.234452304037686554e+04
6.521495619217814965e+04
8.390078469320824661e+04
7.499551499134219193e+04
8.393603578551526880e+04
4.282641793164597038e+04
4.201066009087113343e+04
1.165346062445695570e+05
8.530324692929585581e+04
8.500123968249317841e+04
9.274544216827122727e+04
4.859501292896739324e+04
5.299935880420627655e+04
4.577930939937670337e+04
9.136032341977735632e+04
7.405241012718217098e+04
8.049272261009227077e+04
8.986453457238838018e+04
7.613349121294946235e+04
8.934242901734924817e+04
5.033079139872184896e+04
4.853516175589179329e+04
1.142642591620645835e+05
9.387874372492928524e+04
8.050978573974697792e+04
1.049300672046364343e+05
5.945287832736733253e+04
4.728885792131414928e+04
6.225614374335533648e+04
3.856475618157988356e+04
3.978623491711295355e+04
4.942379107469812880e+04
4.474549142255123297e+04
2.653637607746628055e+04
2.923309889584771736e+04
2.952152433572736118e+04
4.078770492538859980e+04
4.785633305989351356e+04
3.125292658621082956e+04
5.588079905304514978e+04
2.490172969101871131e+05
4.922704740984491218e+04
6.619780183691100683e+04
2.974029022392292245e+04
7.011924628371029394e+04
7.108445783356508764e+04
3.919914018434816535e+04
3.016673393453948302e+04
3.533057811209839565e+04
2.728518909516008353e+04
2.680970553763819771e+04
1.674309824690992536e+04
9.229821186315343948e+04
6.109163163846870884e+04
1.067888449525537435e+05
2.891680524603914237e+05
6.184274508393065480e+04
1.026857737789830571e+05
5.286569260238523566e+04
7.200273390636747354e+04
6.779637904265277029e+04
3.252872540362267318e+04
2.972232191745827004e+04
2.787081494358588679e+04
2.458913848327234882e+04
2.543733876163403693e+04
2.099620688068763047e+04
9.198413146800429968e+04
4.908479353440070554e+04
9.287455758203451114e+04
2.761538358785277233e+05
5.214495367571463430e+04
9.249696492767777818e+04
4.847169605406765186e+04
7.175124781884260301e+04
6.682033996082875819e+04
3.374865005245023349e+04
3.088344171099262530e+04
3.746645771994782990e+04
2.356003247927269695e+04
2.919862983444424390e+04
1.863567927232185684e+04
9.603331292765992112e+04
6.076595124304915953e+04
9.683137530775787309e+04
2.769127620745594031e+05
5.749693616693082004e+04
9.565025764958604123e+04
4.832438683890248649e+04
8.143533396517508663e+04
9.287698214175582689e+04
5.233048442840773350e+04
5.999006028667776263e+04
4.733227581637625553e+04
3.444937904167789384e+04
4.179306473902499420e+04
3.878104734556269250e+04
1.118878546843356453e+05
9.247060583570926974e+04
1.101706548743809981e+05
2.652724479939729790e+05
7.910176953142997809e+04
1.152518880140000110e+05
6.397424474157739314e+04
4.922698798717233876e+04
4.805478471394367079e+04
6.123395049179893249e+04
5.601822490868322348e+04
4.820565230538047035e+04
3.728778497136598162e+04
9.814694279554326204e+04
6.007650289780402090e+04
9.705415426099678734e+04
7.677156294988210720e+04
7.958816464914748212e+04
8.212121995860867901e+04
4.745950401728853467e+04
4.079531985763247940e+04
3.126583435954154993e+04
5.840811950825585518e+04
4.185955249700740387e+04
6.982881264812490554e+04
6.913425353351866943e+04
5.546275677085493953e+04
4.580325730611811014e+04
1.116786505251737981e+05
6.902378498084939201e+04
9.006216749102596077e+04
6.984211468465102371e+04
8.381325166574194736e+04
7.590530493752341135e+04
5.868283833919261087e+04
5.549030435582318023e+04
3.620634177450593415e+04
3.927942896456478047e+04
4.624255992994066037e+04
5.693098220598947955e+04
5.401295442468367401e+04
4.421022708384191355e+04
3.033236442211914255e+04
8.968261473885610758e+04
5.934574771578162472e+04
8.016850824361058767e+04
5.988506378425619914e+04
8.148081389616566594e+04
8.352361417728736706e+04
4.773666426726837381e+04
4.403396702961212577e+04
3.247058613281078578e+04
4.258680416614472779e+04
4.446857826108261361e+04
5.833677085032081959e+04
6.074645463843677135e+04
4.970400340986868832e+04
4.482458386429235543e+04
9.524139758299045207e+04
6.139576032538271102e+04
8.614542285184416687e+04
8.511579779155092547e+04
8.650932292098971084e+04
7.726704207504398073e+04
4.774495861552422139e+04
5.125358869651844725e+04
3.474782255926659127e+04
3.904424028680429183e+04
5.416332748746266589e+04
5.111735956553294091e+04
4.851723084611958620e+04
3.869611516067231423e+04
3.132571591799864473e+04
7.208750445255383966e+04
4.368782370953489590e+04
8.480810361744649708e+04
6.238013389187675057e+04
8.144233785747279762e+04
8.237452701179748692e+04
4.360144398354215082e+04
4.318893135053609149e+04
3.922767060010181740e+04
5.853387048234025133e+04
4.621498280381197401e+04
7.391840927107652533e+04
4.926445117145209952e+04
4.500201045772924408e+04
2.967301467377210793e+04
6.473087821654428990e+04
7.184341461639359477e+04
4.553709245997022663e+04
4.252411337193153304e+04
8.558042701341686188e+04
5.221627116423470579e+04
5.793006218154266389e+04
6.552811815645472961e+04
3.529730330289115227e+04
2.101000309414031653e+04
2.498078629425875988e+04
1.765837478240123164e+04
2.153633591901278123e+04
4.962161256529730599e+04
5.361132138830119220e+04
7.649894802251213696e+04
8.263182567524047045e+04
3.253753023808159560e+04
3.941841211756497069e+04
8.145035875925417349e+04
3.990838721776404418e+04
6.366142279035874526e+04
6.525668514865979523e+04
4.299155163146801351e+04
2.730576185043104488e+04
2.368058588131377473e+04
3.001528056971215119e+04
2.385520277524146513e+04
5.313819835799247085e+04
4.558059545801925560e+04
9.080569770399757545e+04
1.068504521174881083e+05
5.285370887320476322e+04
5.149985323891395819e+04
1.056547447726167447e+05
5.915683769766401383e+04
7.681731816411079490e+04
8.137168198070712970e+04
5.207834731279354310e+04
5.608367157282654080e+04
4.993169027284970070e+04
5.461348238966678036e+04
5.273307575858593918e+04
4.865488638758127490e+04
4.942939115347697953e+04
1.091901159174128406e+05
1.251804160645692464e+05
7.427300339252987760e+04
7.957551136661430064e+04
1.306662324398786150e+05
7.417204148494033143e+04
9.749012156052730279e+04
1.075302429709191056e+05
7.175445482939384237e+04
5.859068835644335195e+04
5.833669850217419298e+04
5.510879558311074652e+04
5.934981396696694719e+04
4.633964743665241986e+04
4.265302183296620933e+04
6.849512490467009775e+04
8.220079486545910186e+04
6.534885980479525460e+04
6.200141378296368202e+04
8.866965661410395114e+04
5.807314507963033248e+04
6.832111747535696486e+04
7.399454143670051417e+04
6.045999417670269031e+04
4.030702577298916003e+04
3.359803079661336960e+04
3.313167583751129860e+04
5.401212622066166659e+04
2.268088816347241664e+04
5.861579333353706170e+04
3.019829206156192959e+04
3.552075559312044061e+04
3.388445703091389441e+04
2.371572681583278609e+04
2.573593797805064241e+04
2.529769831750657249e+04
5.187782247497407661e+04
3.566071683017758915e+04
2.489232062576810858e+04
2.235061392902930675e+04
2.294949862913010656e+04
1.842125906611691244e+04
2.768955438691707241e+04
1.112378555734391557e+04
3.239669645690895413e+04
1.498940173353509090e+04
1.539890438799264666e+04
2.271275253123806397e+04
2.643480337174948363e+04
3.221428992207453484e+04
2.258706381066875838e+04
3.329834225754464569e+04
2.725039390354345596e+04
3.107043409870662799e+04
2.159360830767690641e+04
2.451929808203213543e+04
2.144704625190338993e+04
2.739914019059814746e+04
1.552564419105771776e+04
2.668061052030657447e+04
2.594461736551491049e+04
1.913080109183159948e+04
2.634023741279399110e+04
2.818004481654009214e+04
3.504109444203675230e+04
3.492523733549076860e+04
2.844466261425965058e+04
2.357251672537964259e+04
3.797538629208248312e+04
3.932530494516997715e+04
3.392810215935732413e+04
3.578271790583573602e+04
4.866788057716137700e+04
2.996333199376787525e+04
2.885652529963538109e+04
3.033572957200727251e+04
3.206129226835522422e+04
3.577281169016334024e+04
3.189104576184858888e+04
3.468277281725264038e+04
3.485498904759412835e+04
2.964747750995073875e+04
3.634126705243314791e+04
3.788275127763159981e+04
2.206031617670734704e+04
2.298438893471356278e+04
1.988697169412707808e+04
2.496391821665228781e+04
2.725081414539410616e+04
2.628805511995876077e+04
1.909140624163953908e+04
1.477185958157260029e+04
3.838892752878964529e+04
4.518751223105786630e+04
4.727321745375620230e+04
3.335345731484369026e+04
2.458737592916981157e+04
4.247676824208226753e+04
6.234099834876317618e+04
1.410902963945608062e+05
1.339657492350981047e+05
1.321013140094686823e+05
1.353093515822975314e+05
3.453528924760398513e+04
4.816823727015057375e+04
3.863965268210173963e+04
3.138705606603104388e+04
4.282345948982546543e+04
4.618449688963327208e+04
5.180108993578680384e+04
1.523724671545976598e+05
2.379061844096387358e+04
2.018685890549907344e+04
3.564057318336748722e+04
6.721042496082665457e+04
4.821974958436770248e+04
7.821918361048863153e+04
8.041828474670293508e+04
1.005402110744543897e+05
3.331647659845325688e+04
6.506702403233003133e+04
9.570989981019185507e+04
8.562274872956125182e+04
1.006393169219275733e+05
1.141797491190287692e+05
1.309254773536053835e+05
1.058301681692528800e+05
1.140825719289887056e+05
9.923996988509144285e+04
4.982018719492106902e+04
3.101853675540318000e+04
6.477156229245369468e+04
6.035332109556820797e+04
1.301958513025311986e+05
5.623309248968424072e+04
1.018812496996285772e+05
1.202772942780803714e+05
1.259062332717060490e+05
1.287656813807674334e+05
1.521141360492712993e+05
1.309570269906805042e+05
1.430953071009097912e+05
1.551301839980174846e+05
1.335056565383217239e+05
7.938139353905298049e+04
6.857113317227657535e+04
7.862944057145300030e+04
8.188198756139983016e+04
8.302290263855714875e+04
2.962319581790728262e+04
4.577018841720036289e+04
7.120699900408709073e+04
6.095413122625190590e+04
7.413204034132856759e+04
9.376980601020679751e+04
1.210193862568367622e+05
7.375981474728218745e+04
9.513555321019791882e+04
9.815888601120471139e+04
6.212896790888298710e+04
5.079976681992255908e+04
6.478151587108652166e+04
7.607565759592248651e+04
9.203891741168920998e+04
2.723248861757460327e+04
5.520771778979901865e+04
7.667059248570654017e+04
6.772304705111225485e+04
8.338169564815169724e+04
1.002482006724244566e+05
1.230098836032925756e+05
8.557904600096572540e+04
1.106717442601037183e+05
9.943299308256304357e+04
3.069915375138549643e+04
3.215556709566756035e+04
3.202164140506592594e+04
2.370134267671082853e+04
1.930935897753794416e+04
2.593353830625934279e+04
2.475199803553960010e+04
2.242763764361023277e+04
3.188126914227021189e+04
3.352913220072491094e+04
2.765470780797228144e+04
3.881887541440739733e+04
4.883982133390774834e+04
2.454750049110621330e+04
5.248074111120676389e+04
5.219736086641344446e+04
4.982382037312704051e+04
5.579671461200735212e+04
4.159458906904776813e+04
3.307941185830016184e+04
3.792418108876820770e+04
4.241281028091389453e+04
3.769314585470851307e+04
5.572038349480614852e+04
5.779696952238219092e+04
5.489972836966539762e+04
6.145467723734816536e+04
1.543276122183211191e+04
3.822987668713824678e+04
2.659250873764821881e+04
6.156684704198678810e+04
5.367210289159974491e+04
5.960156637605692958e+04
4.959420983932988747e+04
3.665749166469954798e+04
4.392273586474936019e+04
3.864880785469995317e+04
4.263633074144204875e+04
6.482218508163674414e+04
7.188279299369426735e+04
6.753898004798698821e+04
7.609654007246492256e+04
2.710081414958101232e+04
4.347983657799697539e+04
2.912308234670889942e+04
3.770226707811811502e+04
3.450663283946824959e+04
3.588265969535682962e+04
2.721131535778607213e+04
9.160839703979130718e+03
2.674324377353008094e+04
2.284023237066734873e+04
1.310170768696822597e+04
3.686354743305753800e+04
3.613688666453756014e+04
3.367004481512392522e+04
4.184924516217862401e+04
3.998306201050255913e+04
1.380735145537963763e+04
4.080792772393688938e+04
1.922841379997280092e+04
2.315764137922559894e+04
1.606777637283824515e+04
1.840727133092090662e+04
3.151909206075111069e+04
2.570577766237250034e+04
3.208487847504988895e+04
2.782046128800974839e+04
1.240785121146563142e+04
2.319584178400376186e+04
2.499819528765673022e+04
1.981265955129297799e+04
6.909676657514057297e+04
4.506601492972547567e+04
7.106453742936243361e+04
1.691103176458892995e+04
1.337882277477421121e+04
1.812713026805015397e+04
9.820004294126851164e+03
3.458572874961981870e+04
3.625548303414796828e+04
4.320948954164640600e+04
1.119086824425954837e+05
1.058102348751843092e+05
1.407992676233215316e+05
2.818947251306185353e+04
5.205796609440691827e+04
8.527048338090769539e+04
5.032580806205580302e+04
3.458732990504607733e+04
2.765426583746966207e+04
2.383561056593006651e+04
3.321621312941541692e+04
2.270726322888722643e+04
3.876153699104964471e+04
3.694476361397073924e+04
4.483689661633050127e+04
9.160258840100516682e+04
9.375851685110187100e+04
9.946796600505923561e+04
3.798861356168591010e+04
3.841961050850126048e+04
1.073435477904051077e+05
7.003385029280422896e+04
4.529946307431531750e+04
1.772621993365405433e+04
1.696338227521737281e+04
2.009602690825760874e+04
1.362264910401215639e+04
2.435037593031238794e+04
2.474562946376994296e+04
2.742091301561972796e+04
1.154292573584122874e+05
9.600114657666794665e+04
1.165647692117862898e+05
2.835129311803157543e+04
4.716621264741045161e+04
8.913923581651762652e+04
4.669624252917704143e+04
3.120692224220856588e+04
2.201829290630729884e+04
2.110680603472062649e+04
2.463406539256386532e+04
1.751390478373570659e+04
2.586408742575549695e+04
2.729854239759819757e+04
2.747410404725910485e+04
1.187742948380278103e+05
9.516067194130388089e+04
1.128429849632094847e+05
3.033700826265998694e+04
4.422423302966378105e+04
9.971469476800026314e+04
6.594925459342272370e+04
3.703353063391886099e+04
2.110519546692949370e+04
2.345619815997831756e+04
2.501237506832954023e+04
2.545465662805979082e+04
2.909960832385663161e+04
3.037028049377464049e+04
3.164877452718233326e+04
1.012100569345320691e+05
9.572687336070468882e+04
1.045731939645571692e+05
2.566138383692319258e+04
6.901851823442905152e+04
8.537537568849658419e+04
4.376394286715600174e+04
2.862631339096501324e+04
5.263050991171174246e+04
5.379395953216805356e+04
6.456298078015373903e+04
5.524634235039773193e+04
5.536955112197536801e+04
6.516122227436945832e+04
9.480650523966312176e+04
1.024047645511264564e+05
6.634862768629084167e+04
9.398618816603960295e+04
8.274995782426153892e+04
9.004907599751793896e+04
4.075393003354000393e+04
8.006266206749014964e+04
6.819391569925287331e+04
4.053414205421345832e+04
4.040815869876874785e+04
4.913152874689896271e+04
4.345039611085879733e+04
3.742951020781399711e+04
4.533231798916996195e+04
9.352704999072346254e+04
9.340278108746613725e+04
5.074806001722520159e+04
8.569830371154997556e+04
7.214860311374109006e+04
8.284761740168866527e+04
4.006380332380621985e+04
7.030808995611251157e+04
5.861410331234868499e+04
5.730795660832493741e+04
5.538513344997684908e+04
5.955200257489217620e+04
5.592158479528852331e+04
6.082143030053098482e+04
8.046915775433911767e+04
1.122798835289339768e+05
1.073664918579633522e+05
6.797338872151334363e+04
1.121319618688281043e+05
9.276614492858883750e+04
8.963781501716797356e+04
4.681884865826313035e+04
7.539004914089222439e+04
7.335595347379043233e+04
4.410644105704999674e+04
3.847117251740895153e+04
4.770340489482121484e+04
4.109788270242408908e+04
4.820531337942706159e+04
5.226660818615839526e+04
9.432298130909801694e+04
9.372156575385149335e+04
6.167912552242205129e+04
1.030891415752584871e+05
7.696759536740963813e+04
8.529238177733293560e+04
4.511292638084785722e+04
6.535801169909127930e+04
6.389696992494702863e+04
5.291798066606043722e+04
5.683467514498687524e+04
6.559592624457740749e+04
5.589120699626908754e+04
5.992343878370947641e+04
6.426123751029080449e+04
1.077067500246577838e+05
1.090683571480870305e+05
6.772934273412983748e+04
1.005574220733678230e+05
8.547367105298145907e+04
9.762605226861851406e+04
4.429388588468550006e+04
8.049402216023318761e+04
7.423796481467442936e+04
7.616179786186588171e+04
6.530711787049997656e+04
6.735052614705664746e+04
5.425925377509866667e+04
1.282421699406419066e+05
7.223610380040644668e+04
6.018253934246384597e+04
1.640389069086425006e+05
1.960948678737511218e+05
5.830336323959649599e+04
1.356880996882186155e+05
8.709014867061973200e+04
1.916032785841003351e+05
3.244118025447688997e+05
2.998985338611589395e+05
6.434401852875051554e+04
7.331424148836339009e+04
6.398840143765125686e+04
5.582255162750231830e+04
1.194466468540910719e+05
6.673877406195552612e+04
5.982744236666992219e+04
1.132297388810830162e+05
1.584936177864306082e+05
2.415028299842365959e+04
1.035220725377290073e+05
8.124690686707814166e+04
1.188417138478248089e+05
2.781603153664847487e+05
2.630532393340414856e+05
1.415118767973319045e+05
1.543443245927908574e+05
1.406507330785829690e+05
1.457883050405101094e+05
2.118676840699845634e+05
1.050907504408201785e+05
1.250399445488596393e+05
6.817218230740046420e+04
1.110381820860893058e+05
7.014015669193574286e+04
7.008821077809704002e+04
7.957682743714719254e+04
6.618556072186297388e+04
2.332046580116227269e+05
1.445631159432012646e+05
1.473514193355928001e+05
1.467883155395311187e+05
1.452706968948257272e+05
1.483810201353779121e+05
2.145984300250681117e+05
1.043106190682703600e+05
1.227787370321777998e+05
7.788521075197403843e+04
1.335060995962681191e+05
8.240574669939695741e+04
6.183812119744725351e+04
9.673859243420725397e+04
8.289564789458712039e+04
2.601337210004197259e+05
1.835108594473150733e+05
5.893042416411268641e+04
6.136751586907847377e+04
5.081988590132753598e+04
5.224963325721440197e+04
1.020269612286879856e+05
5.944748248490391416e+04
5.459389609183096763e+04
1.203549550966785173e+05
1.824145576820927963e+05
2.623606094259000747e+04
1.033418791684772004e+05
6.795912569302826887e+04
1.207241141632670333e+05
2.974201094002539176e+05
2.770700969005571096e+05
3.458735584721056512e+04
1.944976589637693178e+04
2.907142529819777337e+04
4.184540100786989933e+04
1.055129331362685334e+05
2.522121118908912831e+04
2.715338145623405580e+04
9.912407258664557594e+04
4.495828385658546904e+04
6.400868533900257898e+04
2.239241921796612587e+04
5.333220204261082108e+04
2.542441057661982268e+04
4.035504454254581651e+04
2.345705242680588708e+04
3.162765020249056397e+04
1.978796334516775096e+04
3.026937280305995591e+04
3.858492572407635453e+04
9.918235813089608564e+04
3.186496064585212662e+04
3.599282253006869723e+04
9.775792618397208571e+04
3.655619945403817110e+04
6.540875073343658005e+04
2.576801065402678796e+04
6.402334187630633824e+04
1.411489657481542235e+04
3.150122783253850139e+04
1.754975309776160066e+04
4.463794101086616865e+04
5.522694354332960938e+04
5.146912451561224589e+04
4.832591136768899742e+04
2.300902001129595374e+04
4.723367578953200427e+04
4.478655227385045146e+04
2.676671496960568766e+04
6.201320594466587499e+04
2.195090061577720189e+04
5.465949490540836996e+04
5.439172137846230180e+04
7.563531550283414253e+04
9.023770855506548833e+04
8.861245943203133356e+04
2.289716230149817784e+04
2.826705677901882518e+04
2.218131480784303858e+04
2.272110935268064350e+04
4.239244424105964572e+04
3.873706091223377734e+04
3.447516364226464793e+04
5.099770701243657822e+04
3.217273128992656711e+04
1.834872937921377161e+04
2.376944215502560110e+04
3.041459874204700463e+04
5.984360979058760859e+04
5.771728832218231400e+04
6.850979958213841019e+04
2.853463578096847777e+04
4.923412116237782175e+04
2.776772697663406143e+04
2.716419672778423410e+04
3.967230257139796595e+04
3.855765420179207285e+04
3.968315286716840637e+04
3.999975406481182290e+04
3.708506841310134041e+04
1.499990157329279100e+04
2.854808849268786435e+04
2.901101242671839645e+04
6.687694465784689237e+04
5.979645383025744377e+04
7.697347153871778573e+04
5.272681772019437631e+04
3.718101398051748401e+04
2.639981382940223921e+04
2.594658863988049052e+04
6.121825359034808935e+04
4.433325913143010257e+04
5.329213384575278906e+04
7.596130348796697217e+04
5.788768044583138544e+04
4.842206668449239805e+04
5.034056764914689120e+04
5.548770372580728144e+04
1.539140797724266304e+05
7.934822463486419292e+04
3.389544929550105007e+04
1.607064391859990792e+04
9.663415917292726226e+04
9.007308762133729761e+04
9.917418818205759453e+04
2.911428438712321804e+04
2.447331364064428271e+04
2.374841998837632855e+04
3.653908850506655290e+04
1.006847791517455917e+05
1.038087080909781798e+05
8.874325608948967420e+04
1.191210799630443944e+05
9.853979674681602046e+04
3.139875521778089387e+04
2.546408283340552225e+04
2.148162914245456341e+04
9.923650720552090206e+04
9.418087618442712119e+04
1.070675976690048847e+05
3.195286653180528810e+04
2.125697047876164652e+04
2.338736093025347145e+04
4.870268232815191732e+04
9.426483225421486713e+04
1.034519358771145780e+05
8.550344698320720636e+04
1.176732757121617324e+05
1.227890575052570493e+05
4.078366593760770775e+04
1.944424675552883855e+04
1.339486378017206880e+04
1.207256360112565453e+05
1.168997319777680823e+05
1.286518456696439243e+05
2.787399400877762673e+04
3.579348658105294453e+04
3.236985579477757710e+04
3.564555860228302481e+04
1.313232844934931200e+05
1.387402051553440979e+05
1.034566784931638831e+05
1.541609757930401247e+05
7.844224444705563656e+04
3.021323038202090538e+04
2.842687578469165965e+04
2.366061969528313784e+04
7.051858264976566716e+04
9.041237126568038366e+04
1.012353938599176181e+05
3.639049702270969283e+04
2.248631966492585707e+04
2.528562639699070860e+04
6.379499175057986577e+04
9.479256835033683456e+04
1.020345374423939502e+05
7.753106626785792469e+04
1.165901036217299843e+05
1.281058096598674892e+05
3.862694454074346868e+04
2.488430624613967666e+04
1.615931689709085040e+05
1.602807376508610905e+05
1.824694111273509625e+05
1.180445368498867319e+05
1.989666342475399724e+05
2.822345287338052876e+05
2.738988387543110293e+05
3.393568966282248730e+05
3.171934754297069157e+05
1.313467511904608109e+05
1.893053255048482679e+05
2.019669767311730247e+05
8.091992429897485999e+04
7.673504022559290752e+04
2.975723402182337595e+05
8.523918897964862117e+04
9.696040501061847317e+04
1.112937430388564244e+05
8.742038075494657096e+04
2.041349429921724950e+05
2.887521374638084089e+05
2.916910873911808594e+05
4.177029249779106467e+05
2.790822372829060187e+05
8.457650589298622799e+04
1.037457325506749039e+05
1.538664179713619815e+05
1.187662142499548499e+05
1.278749742704003729e+05
3.377938341150679626e+05
2.254168146991191898e+05
2.212528766547474952e+05
2.607554570853093755e+05
2.144204675128535891e+05
1.421136745310370170e+05
2.484146850512497476e+05
2.345840910123279609e+05
2.826301074149873457e+05
3.321070643618959002e+05
1.757937164704565657e+05
2.087049496055089403e+05
2.513242553728564235e+05
1.016122947727296705e+05
6.840790747225885571e+04
2.143497742620141071e+05
1.915813004026268318e+05
1.826017439230060263e+05
2.080049887097026804e+05
1.429560178835850966e+05
1.689482910157300648e+05
2.698898972939653322e+05
2.384878122874597902e+05
3.076046545057179756e+05
3.147372188890335965e+05
1.645632460245257244e+05
1.985677075323681929e+05
2.088104108820757829e+05
9.210538960429982399e+04
5.911516449200424540e+04
2.510542323413456033e+05
1.554090172095875605e+05
1.786754256708535540e+05
1.945201702725404175e+05
1.526884496203096642e+05
1.659808523719557561e+05
2.494740256348107359e+05
2.400140259893823531e+05
3.223394773606067756e+05
3.152047596535504563e+05
1.442404575545023545e+05
1.600796984978603432e+05
2.044844237591024139e+05
7.415867331780967652e+04
7.219886586309486302e+04
2.722270191744507174e+05
1.295781452489586663e+05
1.377613423266512691e+05
9.785377860206170590e+04
1.080016419030904362e+05
9.855878889188643370e+04
1.242617612150221248e+05
1.948173321256268246e+05
1.848934145190964628e+05
1.420631995971298311e+05
8.436049996261770139e+04
1.324517884464644303e+05
9.067387786799507739e+04
8.219301309017289896e+04
7.843452495124787674e+04
1.636638215904116223e+05
5.308275089529795514e+04
6.071168178522609378e+04
5.817582912426540861e+04
6.093956823965739750e+04
1.152555007922776713e+05
1.800399343722355552e+05
2.502544731583368266e+05
2.455513473986966710e+05
7.799825903344304243e+04
5.776816208495308820e+04
6.565366372759902151e+04
5.586738833835098922e+04
4.064842427177960781e+04
7.766199159347084060e+04
6.032488711900700582e+04
1.043727723659265030e+05
8.631393428221625800e+04
7.889506935405441618e+04
8.683224308925718651e+04
8.568063816917060467e+04
1.355948561210256885e+05
2.003525768522945873e+05
2.284273254556110187e+05
1.096727715037016023e+05
8.757925895830790978e+04
9.595617288759106304e+04
7.709092018446778820e+04
6.763052883142861538e+04
7.540534992868104018e+04
1.302468338697575964e+05
7.454715755586599698e+04
8.011050127588353644e+04
7.622533217620868527e+04
7.944108721337725001e+04
8.331592087670641195e+04
1.944158922177070635e+05
2.024804148447872722e+05
2.306337709641113470e+05
9.582421948548103683e+04
7.216390546134658507e+04
9.596652930661967548e+04
8.179056528235184669e+04
5.927615052719649248e+04
6.954747360768425278e+04
9.234588171839990537e+04
5.879049670847754169e+04
6.511427375263451540e+04
6.568125561430842208e+04
6.478247859165303817e+04
1.392347711850032210e+05
1.793420104011815565e+05
2.610503895934652828e+05
2.533053554887291975e+05
8.517526518047944410e+04
7.307235881198306743e+04
8.380276252743025543e+04
7.106818078421655810e+04
5.325609250256518862e+04
7.505706513792683836e+04
7.345508150340025895e+04
4.881289371727703110e+04
5.059561181195705285e+04
4.660052155975620553e+04
3.803750949210743420e+04
2.688509862575845909e+04
1.175411860724973085e+05
5.048571360053376702e+04
2.497229728068863187e+04
7.297675103333564766e+04
1.095544054254721996e+05
1.193588637988110277e+05
1.130469483826010255e+05
5.380373460931377485e+04
4.354275181317075476e+04
5.146922322523062758e+04
7.057585617126210127e+04
7.161770161368140543e+04
7.165565202683245298e+04
5.766126815006361721e+04
3.650493758405918197e+04
1.449961483765323646e+05
7.577610983429738553e+04
3.719753318596922327e+04
9.683313917106184817e+04
1.367458755430403107e+05
1.405392833433222841e+05
1.180073826359628438e+05
6.379346444721943408e+04
4.505968071176094963e+04
4.606349890237226646e+04
2.164904660832418449e+04
2.148162919595113635e+04
2.229860588839185584e+04
2.512181099554865796e+04
3.301990645815943572e+04
3.949030081737657747e+04
2.070219205743309431e+04
2.845475001870806227e+04
4.609438199049636023e+04
6.800975804366268858e+04
8.600622087493939034e+04
7.582113579231598123e+04
4.223429577498106664e+04
4.785064015671087691e+04
7.622525456779265369e+04
9.463802701101131970e+04
9.676839025521658186e+04
1.019625960009803239e+05
8.070496391008366481e+04
4.243141870277166163e+04
1.378788676130183158e+05
9.741063223991428094e+04
4.971675509175726620e+04
8.065725980815439834e+04
1.135281761910691275e+05
1.299497135443088482e+05
1.203552808784691879e+05
8.040519272337867005e+04
6.591982192892349849e+04
4.830594021670262737e+04
2.384125258592802857e+04
2.519106076124516403e+04
2.587952954271454655e+04
3.223805101816005845e+04
5.287384593781334115e+04
2.336624311069512260e+04
1.910895109442536705e+04
4.702971937517992046e+04
5.519681452947024081e+04
5.319503404866539495e+04
6.079489775465544517e+04
5.480382401759258937e+04
4.903579328818282374e+04
6.043860176960619719e+04
9.864072775448259199e+04
2.960998275752182235e+05
2.008765159125438076e+05
2.535427544712298841e+05
2.423005424809141550e+05
2.665975043504189816e+05
4.258358327617758187e+05
3.180386110916319885e+05
2.965938931721082772e+05
2.883941157668571104e+05
2.094462233150486718e+05
2.385660743130071787e+05
3.326823937637609197e+05
2.990492121113515459e+05
3.024926949863846530e+05
2.119992252849218785e+05
9.389642951493413420e+04
7.087680666788823146e+04
7.078093449408171000e+04
6.267132859366902267e+04
9.896756538494782581e+04
1.423326490619253018e+05
1.007422952441536036e+05
6.439799836914063053e+04
1.146233332686186623e+05
7.524950773600960383e+04
5.851276637210730405e+04
1.032385590008310101e+05
1.048418790320133703e+05
1.213935505773217592e+05
8.704206371598922124e+04
1.620887814860741491e+05
1.120597794565863151e+05
1.316036405729535618e+05
1.443826676586415851e+05
1.450263292490226449e+05
2.684814024017569609e+05
2.258913656736566045e+05
1.494203559784739628e+05
1.711503006529391278e+05
1.246530348747589160e+05
1.236244065172730916e+05
2.139394240642821533e+05
1.860759367239667627e+05
1.998900856955362251e+05
1.331959712058135192e+05
7.865667856295677484e+04
1.208000455568834441e+05
7.924817556629459432e+04
5.801842820169904007e+04
1.600413770161384309e+05
8.068987213716746191e+04
7.829674560033142916e+04
7.223821918023233593e+04
1.076741723014884046e+05
1.080404237643430242e+05
7.555691259799036197e+04
8.620265852372288646e+04
8.550876686804393830e+04
8.981019683810733841e+04
1.513521433560495207e+05
8.185170984228733869e+04
6.320395501083547424e+04
7.206583005830831826e+04
7.952232087008206872e+04
8.447192721152531158e+04
2.020943536480102630e+05
1.329350205874062376e+05
8.918657174375760951e+04
1.084977232908113801e+05
7.141815561647422146e+04
8.235234044570880360e+04
1.403135883831290121e+05
1.104879287270678033e+05
1.031262643979877175e+05
8.180416151616908610e+04
3.018976840174517565e+04
2.567660006411218637e+04
3.307477644740061805e+04
2.477746078495444453e+04
2.647596017965153442e+04
2.852916786943897750e+04
3.138603093029991578e+04
2.954637396455237104e+04
3.721163979524617025e+04
2.892799167721307094e+04
3.242868225295660523e+04
3.030664861863542319e+04
3.103286690207069114e+04
1.810424134306538326e+04
2.980399941745265824e+04
2.527866343232264262e+04
5.267948597617442283e+04
3.435842215201758518e+04
4.912401033680445835e+04
3.888227081935753085e+04
4.003972825123976509e+04
2.875171780162600044e+04
2.786896824995391216e+04
3.151692441627706285e+04
3.200897452451617210e+04
2.768667239690638962e+04
4.691140392737735237e+04
2.271947830332333615e+04
2.037002378427596705e+04
2.501407516663330171e+04
2.656867059905537099e+04
4.163111090448915638e+04
3.866776597856658191e+04
3.582998075070690538e+04
3.261423939776695624e+04
3.857285597083803441e+04
2.576104646229144419e+04
2.586249327937118869e+04
3.216517560177127234e+04
2.611016002091544942e+04
3.953784620664347312e+04
3.381418709105955350e+04
2.465558691832966724e+04
1.000500077790573778e+04
2.651857791602171710e+04
2.729044061641379085e+04
4.936300646870498167e+04
3.881717471544400905e+04
5.559227757423370349e+04
4.111127881916047045e+04
4.465082987061403401e+04
3.579724915966353001e+04
3.003909989408513138e+04
3.589908400567360513e+04
3.106336536499752401e+04
3.182147923407030976e+04
4.049331026903835300e+04
2.836276786343776257e+04
2.251078146451030261e+04
3.902120569638223242e+04
3.729006721354553156e+04
4.763634247730714560e+04
5.181466305197546171e+04
4.377648019657930854e+04
7.109296978223895712e+04
6.606626782477022789e+04
4.140994278303700412e+04
5.295961649433635466e+04
4.130520698795321368e+04
3.942310523409525194e+04
3.901924507822796295e+04
5.747488851357163367e+04
2.997316745890127640e+04
1.492333907296818325e+04
3.299757772170499084e+04
